0.005000 0.008333 0.004973
0.005000 0.025000 0.004960
0.005000 0.041667 0.004932
0.005000 0.058333 0.004892
0.005000 0.075000 0.004838
0.005000 0.091667 0.004770
0.005000 0.108333 0.004690
0.005000 0.125000 0.004596
0.005000 0.141667 0.004490
0.005000 0.158333 0.004372
0.005000 0.175000 0.004242
0.005000 0.191667 0.004100
0.005000 0.208333 0.003947
0.005000 0.225000 0.003783
0.005000 0.241667 0.003609
0.005000 0.258333 0.003425
0.005000 0.275000 0.003231
0.005000 0.291667 0.003029
0.005000 0.308333 0.002818
0.005000 0.325000 0.002599
0.005000 0.341667 0.002374
0.005000 0.358333 0.002142
0.005000 0.375000 0.001904
0.005000 0.391667 0.001661
0.005000 0.408333 0.001413
0.005000 0.425000 0.001161
0.005000 0.441667 0.000907
0.005000 0.458333 0.000649
0.005000 0.475000 0.000390
0.005000 0.491667 0.000130
0.015000 0.008333 0.014770
0.015000 0.025000 0.014729
0.015000 0.041667 0.014649
0.015000 0.058333 0.014528
0.015000 0.075000 0.014367
0.015000 0.091667 0.014167
0.015000 0.108333 0.013928
0.015000 0.125000 0.013650
0.015000 0.141667 0.013336
0.015000 0.158333 0.012985
0.015000 0.175000 0.012598
0.015000 0.191667 0.012176
0.015000 0.208333 0.011722
0.015000 0.225000 0.011235
0.015000 0.241667 0.010717
0.015000 0.258333 0.010170
0.015000 0.275000 0.009596
0.015000 0.291667 0.008994
0.015000 0.308333 0.008369
0.015000 0.325000 0.007720
0.015000 0.341667 0.007050
0.015000 0.358333 0.006361
0.015000 0.375000 0.005654
0.015000 0.391667 0.004932
0.015000 0.408333 0.004196
0.015000 0.425000 0.003449
0.015000 0.441667 0.002693
0.015000 0.458333 0.001929
0.015000 0.475000 0.001159
0.015000 0.491667 0.000387
0.025000 0.008333 0.024367
0.025000 0.025000 0.024300
0.025000 0.041667 0.024166
0.025000 0.058333 0.023967
0.025000 0.075000 0.023702
0.025000 0.091667 0.023371
0.025000 0.108333 0.022977
0.025000 0.125000 0.022520
0.025000 0.141667 0.022001
0.025000 0.158333 0.021421
0.025000 0.175000 0.020783
0.025000 0.191667 0.020088
0.025000 0.208333 0.019338
0.025000 0.225000 0.018535
0.025000 0.241667 0.017681
0.025000 0.258333 0.016779
0.025000 0.275000 0.015830
0.025000 0.291667 0.014839
0.025000 0.308333 0.013806
0.025000 0.325000 0.012736
0.025000 0.341667 0.011631
0.025000 0.358333 0.010494
0.025000 0.375000 0.009328
0.025000 0.391667 0.008137
0.025000 0.408333 0.006923
0.025000 0.425000 0.005690
0.025000 0.441667 0.004442
0.025000 0.458333 0.003182
0.025000 0.475000 0.001912
0.025000 0.491667 0.000638
0.035000 0.008333 0.033763
0.035000 0.025000 0.033671
0.035000 0.041667 0.033486
0.035000 0.058333 0.033209
0.035000 0.075000 0.032842
0.035000 0.091667 0.032384
0.035000 0.108333 0.031838
0.035000 0.125000 0.031204
0.035000 0.141667 0.030485
0.035000 0.158333 0.029682
0.035000 0.175000 0.028798
0.035000 0.191667 0.027835
0.035000 0.208333 0.026796
0.035000 0.225000 0.025683
0.035000 0.241667 0.024500
0.035000 0.258333 0.023249
0.035000 0.275000 0.021935
0.035000 0.291667 0.020561
0.035000 0.308333 0.019130
0.035000 0.325000 0.017647
0.035000 0.341667 0.016116
0.035000 0.358333 0.014541
0.035000 0.375000 0.012925
0.035000 0.391667 0.011274
0.035000 0.408333 0.009593
0.035000 0.425000 0.007885
0.035000 0.441667 0.006155
0.035000 0.458333 0.004409
0.035000 0.475000 0.002650
0.035000 0.491667 0.000884
0.045000 0.008333 0.042960
0.045000 0.025000 0.042843
0.045000 0.041667 0.042607
0.045000 0.058333 0.042255
0.045000 0.075000 0.041788
0.045000 0.091667 0.041205
0.045000 0.108333 0.040510
0.045000 0.125000 0.039704
0.045000 0.141667 0.038789
0.045000 0.158333 0.037767
0.045000 0.175000 0.036642
0.045000 0.191667 0.035417
0.045000 0.208333 0.034094
0.045000 0.225000 0.032678
0.045000 0.241667 0.031173
0.045000 0.258333 0.029582
0.045000 0.275000 0.027910
0.045000 0.291667 0.026162
0.045000 0.308333 0.024341
0.045000 0.325000 0.022454
0.045000 0.341667 0.020506
0.045000 0.358333 0.018501
0.045000 0.375000 0.016446
0.045000 0.391667 0.014345
0.045000 0.408333 0.012206
0.045000 0.425000 0.010032
0.045000 0.441667 0.007832
0.045000 0.458333 0.005609
0.045000 0.475000 0.003372
0.045000 0.491667 0.001125
0.055000 0.008333 0.051957
0.055000 0.025000 0.051815
0.055000 0.041667 0.051530
0.055000 0.058333 0.051105
0.055000 0.075000 0.050539
0.055000 0.091667 0.049835
0.055000 0.108333 0.048994
0.055000 0.125000 0.048019
0.055000 0.141667 0.046912
0.055000 0.158333 0.045677
0.055000 0.175000 0.044316
0.055000 0.191667 0.042834
0.055000 0.208333 0.041235
0.055000 0.225000 0.039522
0.055000 0.241667 0.037701
0.055000 0.258333 0.035777
0.055000 0.275000 0.033755
0.055000 0.291667 0.031640
0.055000 0.308333 0.029439
0.055000 0.325000 0.027157
0.055000 0.341667 0.024800
0.055000 0.358333 0.022376
0.055000 0.375000 0.019890
0.055000 0.391667 0.017350
0.055000 0.408333 0.014762
0.055000 0.425000 0.012133
0.055000 0.441667 0.009472
0.055000 0.458333 0.006784
0.055000 0.475000 0.004078
0.055000 0.491667 0.001361
0.065000 0.008333 0.060754
0.065000 0.025000 0.060588
0.065000 0.041667 0.060255
0.065000 0.058333 0.059757
0.065000 0.075000 0.059096
0.065000 0.091667 0.058272
0.065000 0.108333 0.057289
0.065000 0.125000 0.056149
0.065000 0.141667 0.054855
0.065000 0.158333 0.053410
0.065000 0.175000 0.051819
0.065000 0.191667 0.050086
0.065000 0.208333 0.048216
0.065000 0.225000 0.046214
0.065000 0.241667 0.044085
0.065000 0.258333 0.041835
0.065000 0.275000 0.039470
0.065000 0.291667 0.036997
0.065000 0.308333 0.034423
0.065000 0.325000 0.031755
0.065000 0.341667 0.028999
0.065000 0.358333 0.026164
0.065000 0.375000 0.023258
0.065000 0.391667 0.020287
0.065000 0.408333 0.017261
0.065000 0.425000 0.014188
0.065000 0.441667 0.011075
0.065000 0.458333 0.007933
0.065000 0.475000 0.004768
0.065000 0.491667 0.001591
0.075000 0.008333 0.069351
0.075000 0.025000 0.069161
0.075000 0.041667 0.068781
0.075000 0.058333 0.068213
0.075000 0.075000 0.067458
0.075000 0.091667 0.066518
0.075000 0.108333 0.065396
0.075000 0.125000 0.064094
0.075000 0.141667 0.062617
0.075000 0.158333 0.060968
0.075000 0.175000 0.059152
0.075000 0.191667 0.057174
0.075000 0.208333 0.055039
0.075000 0.225000 0.052753
0.075000 0.241667 0.050323
0.075000 0.258333 0.047755
0.075000 0.275000 0.045055
0.075000 0.291667 0.042233
0.075000 0.308333 0.039294
0.075000 0.325000 0.036248
0.075000 0.341667 0.033103
0.075000 0.358333 0.029867
0.075000 0.375000 0.026549
0.075000 0.391667 0.023158
0.075000 0.408333 0.019704
0.075000 0.425000 0.016195
0.075000 0.441667 0.012643
0.075000 0.458333 0.009055
0.075000 0.475000 0.005443
0.075000 0.491667 0.001816
0.085000 0.008333 0.077748
0.085000 0.025000 0.077535
0.085000 0.041667 0.077110
0.085000 0.058333 0.076473
0.085000 0.075000 0.075626
0.085000 0.091667 0.074572
0.085000 0.108333 0.073314
0.085000 0.125000 0.071855
0.085000 0.141667 0.070199
0.085000 0.158333 0.068350
0.085000 0.175000 0.066314
0.085000 0.191667 0.064096
0.085000 0.208333 0.061703
0.085000 0.225000 0.059141
0.085000 0.241667 0.056416
0.085000 0.258333 0.053537
0.085000 0.275000 0.050511
0.085000 0.291667 0.047346
0.085000 0.308333 0.044052
0.085000 0.325000 0.040637
0.085000 0.341667 0.037111
0.085000 0.358333 0.033483
0.085000 0.375000 0.029763
0.085000 0.391667 0.025962
0.085000 0.408333 0.022089
0.085000 0.425000 0.018156
0.085000 0.441667 0.014173
0.085000 0.458333 0.010152
0.085000 0.475000 0.006102
0.085000 0.491667 0.002036
0.095000 0.008333 0.085946
0.095000 0.025000 0.085710
0.095000 0.041667 0.085239
0.095000 0.058333 0.084535
0.095000 0.075000 0.083600
0.095000 0.091667 0.082435
0.095000 0.108333 0.081044
0.095000 0.125000 0.079431
0.095000 0.141667 0.077600
0.095000 0.158333 0.075556
0.095000 0.175000 0.073306
0.095000 0.191667 0.070854
0.095000 0.208333 0.068209
0.095000 0.225000 0.065376
0.095000 0.241667 0.062364
0.095000 0.258333 0.059181
0.095000 0.275000 0.055836
0.095000 0.291667 0.052338
0.095000 0.308333 0.048697
0.095000 0.325000 0.044922
0.095000 0.341667 0.041024
0.095000 0.358333 0.037013
0.095000 0.375000 0.032901
0.095000 0.391667 0.028699
0.095000 0.408333 0.024418
0.095000 0.425000 0.020070
0.095000 0.441667 0.015668
0.095000 0.458333 0.011222
0.095000 0.475000 0.006746
0.095000 0.491667 0.002251
0.105000 0.008333 0.093943
0.105000 0.025000 0.093685
0.105000 0.041667 0.093171
0.105000 0.058333 0.092401
0.105000 0.075000 0.091378
0.105000 0.091667 0.090105
0.105000 0.108333 0.088585
0.105000 0.125000 0.086822
0.105000 0.141667 0.084820
0.105000 0.158333 0.082587
0.105000 0.175000 0.080127
0.105000 0.191667 0.077447
0.105000 0.208333 0.074555
0.105000 0.225000 0.071459
0.105000 0.241667 0.068167
0.105000 0.258333 0.064688
0.105000 0.275000 0.061032
0.105000 0.291667 0.057208
0.105000 0.308333 0.053228
0.105000 0.325000 0.049102
0.105000 0.341667 0.044841
0.105000 0.358333 0.040457
0.105000 0.375000 0.035963
0.105000 0.391667 0.031369
0.105000 0.408333 0.026690
0.105000 0.425000 0.021938
0.105000 0.441667 0.017126
0.105000 0.458333 0.012266
0.105000 0.475000 0.007373
0.105000 0.491667 0.002460
0.115000 0.008333 0.101740
0.115000 0.025000 0.101461
0.115000 0.041667 0.100904
0.115000 0.058333 0.100071
0.115000 0.075000 0.098963
0.115000 0.091667 0.097584
0.115000 0.108333 0.095937
0.115000 0.125000 0.094028
0.115000 0.141667 0.091861
0.115000 0.158333 0.089442
0.115000 0.175000 0.086777
0.115000 0.191667 0.083875
0.115000 0.208333 0.080744
0.115000 0.225000 0.077390
0.115000 0.241667 0.073825
0.115000 0.258333 0.070057
0.115000 0.275000 0.066098
0.115000 0.291667 0.061957
0.115000 0.308333 0.057646
0.115000 0.325000 0.053177
0.115000 0.341667 0.048563
0.115000 0.358333 0.043815
0.115000 0.375000 0.038948
0.115000 0.391667 0.033973
0.115000 0.408333 0.028906
0.115000 0.425000 0.023759
0.115000 0.441667 0.018547
0.115000 0.458333 0.013284
0.115000 0.475000 0.007985
0.115000 0.491667 0.002664
0.125000 0.008333 0.109338
0.125000 0.025000 0.109038
0.125000 0.041667 0.108439
0.125000 0.058333 0.107544
0.125000 0.075000 0.106353
0.125000 0.091667 0.104871
0.125000 0.108333 0.103101
0.125000 0.125000 0.101049
0.125000 0.141667 0.098720
0.125000 0.158333 0.096121
0.125000 0.175000 0.093258
0.125000 0.191667 0.090139
0.125000 0.208333 0.086773
0.125000 0.225000 0.083169
0.125000 0.241667 0.079338
0.125000 0.258333 0.075289
0.125000 0.275000 0.071033
0.125000 0.291667 0.066583
0.125000 0.308333 0.061951
0.125000 0.325000 0.057148
0.125000 0.341667 0.052189
0.125000 0.358333 0.047087
0.125000 0.375000 0.041856
0.125000 0.391667 0.036510
0.125000 0.408333 0.031064
0.125000 0.425000 0.025533
0.125000 0.441667 0.019932
0.125000 0.458333 0.014276
0.125000 0.475000 0.008581
0.125000 0.491667 0.002863
0.135000 0.008333 0.116735
0.135000 0.025000 0.116415
0.135000 0.041667 0.115776
0.135000 0.058333 0.114820
0.135000 0.075000 0.113548
0.135000 0.091667 0.111966
0.135000 0.108333 0.110077
0.135000 0.125000 0.107886
0.135000 0.141667 0.105399
0.135000 0.158333 0.102624
0.135000 0.175000 0.099567
0.135000 0.191667 0.096237
0.135000 0.208333 0.092644
0.135000 0.225000 0.088796
0.135000 0.241667 0.084706
0.135000 0.258333 0.080383
0.135000 0.275000 0.075839
0.135000 0.291667 0.071088
0.135000 0.308333 0.066142
0.135000 0.325000 0.061015
0.135000 0.341667 0.055720
0.135000 0.358333 0.050273
0.135000 0.375000 0.044688
0.135000 0.391667 0.038980
0.135000 0.408333 0.033166
0.135000 0.425000 0.027261
0.135000 0.441667 0.021281
0.135000 0.458333 0.015242
0.135000 0.475000 0.009162
0.135000 0.491667 0.003057
0.145000 0.008333 0.123933
0.145000 0.025000 0.123593
0.145000 0.041667 0.122914
0.145000 0.058333 0.121899
0.145000 0.075000 0.120550
0.145000 0.091667 0.118870
0.145000 0.108333 0.116864
0.145000 0.125000 0.114538
0.145000 0.141667 0.111898
0.145000 0.158333 0.108951
0.145000 0.175000 0.105706
0.145000 0.191667 0.102171
0.145000 0.208333 0.098356
0.145000 0.225000 0.094271
0.145000 0.241667 0.089928
0.145000 0.258333 0.085339
0.145000 0.275000 0.080515
0.145000 0.291667 0.075471
0.145000 0.308333 0.070220
0.145000 0.325000 0.064777
0.145000 0.341667 0.059156
0.145000 0.358333 0.053373
0.145000 0.375000 0.047443
0.145000 0.391667 0.041384
0.145000 0.408333 0.035211
0.145000 0.425000 0.028941
0.145000 0.441667 0.022593
0.145000 0.458333 0.016182
0.145000 0.475000 0.009727
0.145000 0.491667 0.003245
0.155000 0.008333 0.130930
0.155000 0.025000 0.130571
0.155000 0.041667 0.129854
0.155000 0.058333 0.128782
0.155000 0.075000 0.127356
0.155000 0.091667 0.125581
0.155000 0.108333 0.123462
0.155000 0.125000 0.121005
0.155000 0.141667 0.118216
0.155000 0.158333 0.115103
0.155000 0.175000 0.111675
0.155000 0.191667 0.107940
0.155000 0.208333 0.103909
0.155000 0.225000 0.099594
0.155000 0.241667 0.095006
0.155000 0.258333 0.090157
0.155000 0.275000 0.085061
0.155000 0.291667 0.079733
0.155000 0.308333 0.074185
0.155000 0.325000 0.068434
0.155000 0.341667 0.062496
0.155000 0.358333 0.056386
0.155000 0.375000 0.050122
0.155000 0.391667 0.043720
0.155000 0.408333 0.037199
0.155000 0.425000 0.030576
0.155000 0.441667 0.023868
0.155000 0.458333 0.017096
0.155000 0.475000 0.010276
0.155000 0.491667 0.003429
0.165000 0.008333 0.137728
0.165000 0.025000 0.137350
0.165000 0.041667 0.136596
0.165000 0.058333 0.135468
0.165000 0.075000 0.133968
0.165000 0.091667 0.132101
0.165000 0.108333 0.129872
0.165000 0.125000 0.127288
0.165000 0.141667 0.124354
0.165000 0.158333 0.121079
0.165000 0.175000 0.117472
0.165000 0.191667 0.113544
0.165000 0.208333 0.109304
0.165000 0.225000 0.104765
0.165000 0.241667 0.099938
0.165000 0.258333 0.094838
0.165000 0.275000 0.089478
0.165000 0.291667 0.083872
0.165000 0.308333 0.078037
0.165000 0.325000 0.071987
0.165000 0.341667 0.065741
0.165000 0.358333 0.059314
0.165000 0.375000 0.052724
0.165000 0.391667 0.045990
0.165000 0.408333 0.039130
0.165000 0.425000 0.032163
0.165000 0.441667 0.025107
0.165000 0.458333 0.017983
0.165000 0.475000 0.010810
0.165000 0.491667 0.003607
0.175000 0.008333 0.144326
0.175000 0.025000 0.143930
0.175000 0.041667 0.143140
0.175000 0.058333 0.141957
0.175000 0.075000 0.140386
0.175000 0.091667 0.138430
0.175000 0.108333 0.136094
0.175000 0.125000 0.133385
0.175000 0.141667 0.130311
0.175000 0.158333 0.126879
0.175000 0.175000 0.123100
0.175000 0.191667 0.118983
0.175000 0.208333 0.114540
0.175000 0.225000 0.109784
0.175000 0.241667 0.104726
0.175000 0.258333 0.099381
0.175000 0.275000 0.093764
0.175000 0.291667 0.087890
0.175000 0.308333 0.081775
0.175000 0.325000 0.075436
0.175000 0.341667 0.068890
0.175000 0.358333 0.062155
0.175000 0.375000 0.055250
0.175000 0.391667 0.048193
0.175000 0.408333 0.041005
0.175000 0.425000 0.033704
0.175000 0.441667 0.026310
0.175000 0.458333 0.018845
0.175000 0.475000 0.011328
0.175000 0.491667 0.003779
0.185000 0.008333 0.150723
0.185000 0.025000 0.150310
0.185000 0.041667 0.149485
0.185000 0.058333 0.148250
0.185000 0.075000 0.146609
0.185000 0.091667 0.144566
0.185000 0.108333 0.142127
0.185000 0.125000 0.139298
0.185000 0.141667 0.136087
0.185000 0.158333 0.132504
0.185000 0.175000 0.128557
0.185000 0.191667 0.124258
0.185000 0.208333 0.119618
0.185000 0.225000 0.114650
0.185000 0.241667 0.109368
0.185000 0.258333 0.103787
0.185000 0.275000 0.097921
0.185000 0.291667 0.091786
0.185000 0.308333 0.085400
0.185000 0.325000 0.078780
0.185000 0.341667 0.071944
0.185000 0.358333 0.064910
0.185000 0.375000 0.057699
0.185000 0.391667 0.050330
0.185000 0.408333 0.042822
0.185000 0.425000 0.035198
0.185000 0.441667 0.027477
0.185000 0.458333 0.019680
0.185000 0.475000 0.011830
0.185000 0.491667 0.003947
0.195000 0.008333 0.156921
0.195000 0.025000 0.156491
0.195000 0.041667 0.155632
0.195000 0.058333 0.154346
0.195000 0.075000 0.152638
0.195000 0.091667 0.150511
0.195000 0.108333 0.147971
0.195000 0.125000 0.145026
0.195000 0.141667 0.141683
0.195000 0.158333 0.137952
0.195000 0.175000 0.133843
0.195000 0.191667 0.129367
0.195000 0.208333 0.124537
0.195000 0.225000 0.119365
0.195000 0.241667 0.113866
0.195000 0.258333 0.108054
0.195000 0.275000 0.101947
0.195000 0.291667 0.095560
0.195000 0.308333 0.088912
0.195000 0.325000 0.082019
0.195000 0.341667 0.074902
0.195000 0.358333 0.067579
0.195000 0.375000 0.060072
0.195000 0.391667 0.052399
0.195000 0.408333 0.044583
0.195000 0.425000 0.036645
0.195000 0.441667 0.028606
0.195000 0.458333 0.020489
0.195000 0.475000 0.012316
0.195000 0.491667 0.004109
0.205000 0.008333 0.162919
0.205000 0.025000 0.162473
0.205000 0.041667 0.161581
0.205000 0.058333 0.160246
0.205000 0.075000 0.158472
0.205000 0.091667 0.156264
0.205000 0.108333 0.153627
0.205000 0.125000 0.150569
0.205000 0.141667 0.147099
0.205000 0.158333 0.143225
0.205000 0.175000 0.138959
0.205000 0.191667 0.134312
0.205000 0.208333 0.129297
0.205000 0.225000 0.123927
0.205000 0.241667 0.118218
0.205000 0.258333 0.112185
0.205000 0.275000 0.105844
0.205000 0.291667 0.099213
0.205000 0.308333 0.092310
0.205000 0.325000 0.085154
0.205000 0.341667 0.077765
0.205000 0.358333 0.070163
0.205000 0.375000 0.062368
0.205000 0.391667 0.054402
0.205000 0.408333 0.046287
0.205000 0.425000 0.038046
0.205000 0.441667 0.029700
0.205000 0.458333 0.021273
0.205000 0.475000 0.012787
0.205000 0.491667 0.004266
0.215000 0.008333 0.168717
0.215000 0.025000 0.168255
0.215000 0.041667 0.167331
0.215000 0.058333 0.165949
0.215000 0.075000 0.164112
0.215000 0.091667 0.161825
0.215000 0.108333 0.159094
0.215000 0.125000 0.155928
0.215000 0.141667 0.152334
0.215000 0.158333 0.148322
0.215000 0.175000 0.143904
0.215000 0.191667 0.139092
0.215000 0.208333 0.133898
0.215000 0.225000 0.128338
0.215000 0.241667 0.122425
0.215000 0.258333 0.116177
0.215000 0.275000 0.109611
0.215000 0.291667 0.102744
0.215000 0.308333 0.095595
0.215000 0.325000 0.088185
0.215000 0.341667 0.080532
0.215000 0.358333 0.072660
0.215000 0.375000 0.064587
0.215000 0.391667 0.056338
0.215000 0.408333 0.047935
0.215000 0.425000 0.039400
0.215000 0.441667 0.030757
0.215000 0.458333 0.022030
0.215000 0.475000 0.013242
0.215000 0.491667 0.004418
0.225000 0.008333 0.174315
0.225000 0.025000 0.173837
0.225000 0.041667 0.172883
0.225000 0.058333 0.171455
0.225000 0.075000 0.169557
0.225000 0.091667 0.167194
0.225000 0.108333 0.164373
0.225000 0.125000 0.161101
0.225000 0.141667 0.157388
0.225000 0.158333 0.153244
0.225000 0.175000 0.148679
0.225000 0.191667 0.143707
0.225000 0.208333 0.138341
0.225000 0.225000 0.132596
0.225000 0.241667 0.126487
0.225000 0.258333 0.120032
0.225000 0.275000 0.113248
0.225000 0.291667 0.106153
0.225000 0.308333 0.098767
0.225000 0.325000 0.091111
0.225000 0.341667 0.083205
0.225000 0.358333 0.075070
0.225000 0.375000 0.066730
0.225000 0.391667 0.058208
0.225000 0.408333 0.049525
0.225000 0.425000 0.040707
0.225000 0.441667 0.031777
0.225000 0.458333 0.022761
0.225000 0.475000 0.013681
0.225000 0.491667 0.004565
0.235000 0.008333 0.179713
0.235000 0.025000 0.179221
0.235000 0.041667 0.178237
0.235000 0.058333 0.176765
0.235000 0.075000 0.174808
0.235000 0.091667 0.172372
0.235000 0.108333 0.169463
0.235000 0.125000 0.166090
0.235000 0.141667 0.162262
0.235000 0.158333 0.157989
0.235000 0.175000 0.153283
0.235000 0.191667 0.148157
0.235000 0.208333 0.142625
0.235000 0.225000 0.136702
0.235000 0.241667 0.130404
0.235000 0.258333 0.123749
0.235000 0.275000 0.116755
0.235000 0.291667 0.109440
0.235000 0.308333 0.101826
0.235000 0.325000 0.093932
0.235000 0.341667 0.085781
0.235000 0.358333 0.077395
0.235000 0.375000 0.068797
0.235000 0.391667 0.060010
0.235000 0.408333 0.051059
0.235000 0.425000 0.041968
0.235000 0.441667 0.032761
0.235000 0.458333 0.023465
0.235000 0.475000 0.014105
0.235000 0.491667 0.004706
0.245000 0.008333 0.184912
0.245000 0.025000 0.184405
0.245000 0.041667 0.183393
0.245000 0.058333 0.181878
0.245000 0.075000 0.179864
0.245000 0.091667 0.177358
0.245000 0.108333 0.174365
0.245000 0.125000 0.170895
0.245000 0.141667 0.166956
0.245000 0.158333 0.162559
0.245000 0.175000 0.157717
0.245000 0.191667 0.152443
0.245000 0.208333 0.146751
0.245000 0.225000 0.140656
0.245000 0.241667 0.134176
0.245000 0.258333 0.127328
0.245000 0.275000 0.120132
0.245000 0.291667 0.112606
0.245000 0.308333 0.104771
0.245000 0.325000 0.096649
0.245000 0.341667 0.088262
0.245000 0.358333 0.079634
0.245000 0.375000 0.070787
0.245000 0.391667 0.061746
0.245000 0.408333 0.052536
0.245000 0.425000 0.043182
0.245000 0.441667 0.033709
0.245000 0.458333 0.024144
0.245000 0.475000 0.014513
0.245000 0.491667 0.004842
0.255000 0.008333 0.189910
0.255000 0.025000 0.189389
0.255000 0.041667 0.188350
0.255000 0.058333 0.186794
0.255000 0.075000 0.184726
0.255000 0.091667 0.182152
0.255000 0.108333 0.179078
0.255000 0.125000 0.175514
0.255000 0.141667 0.171469
0.255000 0.158333 0.166953
0.255000 0.175000 0.161980
0.255000 0.191667 0.156563
0.255000 0.208333 0.150717
0.255000 0.225000 0.144458
0.255000 0.241667 0.137803
0.255000 0.258333 0.130770
0.255000 0.275000 0.123379
0.255000 0.291667 0.115649
0.255000 0.308333 0.107603
0.255000 0.325000 0.099262
0.255000 0.341667 0.090648
0.255000 0.358333 0.081786
0.255000 0.375000 0.072700
0.255000 0.391667 0.063415
0.255000 0.408333 0.053956
0.255000 0.425000 0.044349
0.255000 0.441667 0.034620
0.255000 0.458333 0.024797
0.255000 0.475000 0.014905
0.255000 0.491667 0.004973
0.265000 0.008333 0.194708
0.265000 0.025000 0.194175
0.265000 0.041667 0.193109
0.265000 0.058333 0.191513
0.265000 0.075000 0.189393
0.265000 0.091667 0.186754
0.265000 0.108333 0.183603
0.265000 0.125000 0.179949
0.265000 0.141667 0.175801
0.265000 0.158333 0.171172
0.265000 0.175000 0.166073
0.265000 0.191667 0.160519
0.265000 0.208333 0.154525
0.265000 0.225000 0.148108
0.265000 0.241667 0.141285
0.265000 0.258333 0.134074
0.265000 0.275000 0.126496
0.265000 0.291667 0.118572
0.265000 0.308333 0.110322
0.265000 0.325000 0.101770
0.265000 0.341667 0.092939
0.265000 0.358333 0.083853
0.265000 0.375000 0.074537
0.265000 0.391667 0.065017
0.265000 0.408333 0.055319
0.265000 0.425000 0.045469
0.265000 0.441667 0.035495
0.265000 0.458333 0.025423
0.265000 0.475000 0.015282
0.265000 0.491667 0.005099
0.275000 0.008333 0.199307
0.275000 0.025000 0.198760
0.275000 0.041667 0.197669
0.275000 0.058333 0.196036
0.275000 0.075000 0.193866
0.275000 0.091667 0.191165
0.275000 0.108333 0.187939
0.275000 0.125000 0.184198
0.275000 0.141667 0.179953
0.275000 0.158333 0.175214
0.275000 0.175000 0.169995
0.275000 0.191667 0.164310
0.275000 0.208333 0.158175
0.275000 0.225000 0.151606
0.275000 0.241667 0.144622
0.275000 0.258333 0.137241
0.275000 0.275000 0.129484
0.275000 0.291667 0.121372
0.275000 0.308333 0.112927
0.275000 0.325000 0.104173
0.275000 0.341667 0.095134
0.275000 0.358333 0.085833
0.275000 0.375000 0.076298
0.275000 0.391667 0.066553
0.275000 0.408333 0.056626
0.275000 0.425000 0.046543
0.275000 0.441667 0.036333
0.275000 0.458333 0.026024
0.275000 0.475000 0.015643
0.275000 0.491667 0.005219
0.285000 0.008333 0.203705
0.285000 0.025000 0.203147
0.285000 0.041667 0.202032
0.285000 0.058333 0.200363
0.285000 0.075000 0.198145
0.285000 0.091667 0.195383
0.285000 0.108333 0.192087
0.285000 0.125000 0.188264
0.285000 0.141667 0.183924
0.285000 0.158333 0.179081
0.285000 0.175000 0.173747
0.285000 0.191667 0.167936
0.285000 0.208333 0.161666
0.285000 0.225000 0.154952
0.285000 0.241667 0.147813
0.285000 0.258333 0.140269
0.285000 0.275000 0.132341
0.285000 0.291667 0.124050
0.285000 0.308333 0.115419
0.285000 0.325000 0.106472
0.285000 0.341667 0.097233
0.285000 0.358333 0.087727
0.285000 0.375000 0.077981
0.285000 0.391667 0.068021
0.285000 0.408333 0.057875
0.285000 0.425000 0.047570
0.285000 0.441667 0.037135
0.285000 0.458333 0.026598
0.285000 0.475000 0.015988
0.285000 0.491667 0.005334
0.295000 0.008333 0.207904
0.295000 0.025000 0.207334
0.295000 0.041667 0.206196
0.295000 0.058333 0.204492
0.295000 0.075000 0.202229
0.295000 0.091667 0.199411
0.295000 0.108333 0.196046
0.295000 0.125000 0.192144
0.295000 0.141667 0.187715
0.295000 0.158333 0.182772
0.295000 0.175000 0.177328
0.295000 0.191667 0.171398
0.295000 0.208333 0.164998
0.295000 0.225000 0.158145
0.295000 0.241667 0.150860
0.295000 0.258333 0.143161
0.295000 0.275000 0.135069
0.295000 0.291667 0.126607
0.295000 0.308333 0.117798
0.295000 0.325000 0.108667
0.295000 0.341667 0.099237
0.295000 0.358333 0.089536
0.295000 0.375000 0.079589
0.295000 0.391667 0.069423
0.295000 0.408333 0.059068
0.295000 0.425000 0.048551
0.295000 0.441667 0.037900
0.295000 0.458333 0.027146
0.295000 0.475000 0.016318
0.295000 0.491667 0.005444
0.305000 0.008333 0.211902
0.305000 0.025000 0.211322
0.305000 0.041667 0.210162
0.305000 0.058333 0.208425
0.305000 0.075000 0.206118
0.305000 0.091667 0.203246
0.305000 0.108333 0.199816
0.305000 0.125000 0.195839
0.305000 0.141667 0.191326
0.305000 0.158333 0.186287
0.305000 0.175000 0.180738
0.305000 0.191667 0.174694
0.305000 0.208333 0.168171
0.305000 0.225000 0.161187
0.305000 0.241667 0.153761
0.305000 0.258333 0.145914
0.305000 0.275000 0.137667
0.305000 0.291667 0.129042
0.305000 0.308333 0.120064
0.305000 0.325000 0.110757
0.305000 0.341667 0.101146
0.305000 0.358333 0.091258
0.305000 0.375000 0.081119
0.305000 0.391667 0.070759
0.305000 0.408333 0.060204
0.305000 0.425000 0.049485
0.305000 0.441667 0.038629
0.305000 0.458333 0.027668
0.305000 0.475000 0.016631
0.305000 0.491667 0.005549
0.315000 0.008333 0.215701
0.315000 0.025000 0.215110
0.315000 0.041667 0.213929
0.315000 0.058333 0.212162
0.315000 0.075000 0.209813
0.315000 0.091667 0.206889
0.315000 0.108333 0.203398
0.315000 0.125000 0.199350
0.315000 0.141667 0.194755
0.315000 0.158333 0.189627
0.315000 0.175000 0.183978
0.315000 0.191667 0.177826
0.315000 0.208333 0.171186
0.315000 0.225000 0.164077
0.315000 0.241667 0.156518
0.315000 0.258333 0.148530
0.315000 0.275000 0.140135
0.315000 0.291667 0.131355
0.315000 0.308333 0.122216
0.315000 0.325000 0.112742
0.315000 0.341667 0.102959
0.315000 0.358333 0.092894
0.315000 0.375000 0.082574
0.315000 0.391667 0.072027
0.315000 0.408333 0.061283
0.315000 0.425000 0.050372
0.315000 0.441667 0.039322
0.315000 0.458333 0.028164
0.315000 0.475000 0.016930
0.315000 0.491667 0.005648
0.325000 0.008333 0.219300
0.325000 0.025000 0.218699
0.325000 0.041667 0.217498
0.325000 0.058333 0.215702
0.325000 0.075000 0.213314
0.325000 0.091667 0.210341
0.325000 0.108333 0.206792
0.325000 0.125000 0.202676
0.325000 0.141667 0.198005
0.325000 0.158333 0.192791
0.325000 0.175000 0.187048
0.325000 0.191667 0.180793
0.325000 0.208333 0.174042
0.325000 0.225000 0.166814
0.325000 0.241667 0.159129
0.325000 0.258333 0.151008
0.325000 0.275000 0.142473
0.325000 0.291667 0.133547
0.325000 0.308333 0.124255
0.325000 0.325000 0.114623
0.325000 0.341667 0.104677
0.325000 0.358333 0.094443
0.325000 0.375000 0.083951
0.325000 0.391667 0.073229
0.325000 0.408333 0.062306
0.325000 0.425000 0.051212
0.325000 0.441667 0.039978
0.325000 0.458333 0.028634
0.325000 0.475000 0.017212
0.325000 0.491667 0.005743
0.335000 0.008333 0.222699
0.335000 0.025000 0.222088
0.335000 0.041667 0.220869
0.335000 0.058333 0.219045
0.335000 0.075000 0.216620
0.335000 0.091667 0.213601
0.335000 0.108333 0.209997
0.335000 0.125000 0.205817
0.335000 0.141667 0.201073
0.335000 0.158333 0.195778
0.335000 0.175000 0.189947
0.335000 0.191667 0.183595
0.335000 0.208333 0.176739
0.335000 0.225000 0.169399
0.335000 0.241667 0.161595
0.335000 0.258333 0.153348
0.335000 0.275000 0.144681
0.335000 0.291667 0.135617
0.335000 0.308333 0.126181
0.335000 0.325000 0.116400
0.335000 0.341667 0.106299
0.335000 0.358333 0.095907
0.335000 0.375000 0.085252
0.335000 0.391667 0.074364
0.335000 0.408333 0.063272
0.335000 0.425000 0.052006
0.335000 0.441667 0.040598
0.335000 0.458333 0.029078
0.335000 0.475000 0.017479
0.335000 0.491667 0.005832
0.345000 0.008333 0.225898
0.345000 0.025000 0.225278
0.345000 0.041667 0.224042
0.345000 0.058333 0.222191
0.345000 0.075000 0.219731
0.345000 0.091667 0.216669
0.345000 0.108333 0.213013
0.345000 0.125000 0.208774
0.345000 0.141667 0.203962
0.345000 0.158333 0.198591
0.345000 0.175000 0.192675
0.345000 0.191667 0.186232
0.345000 0.208333 0.179278
0.345000 0.225000 0.171833
0.345000 0.241667 0.163916
0.345000 0.258333 0.155551
0.345000 0.275000 0.146759
0.345000 0.291667 0.137565
0.345000 0.308333 0.127994
0.345000 0.325000 0.118072
0.345000 0.341667 0.107826
0.345000 0.358333 0.097285
0.345000 0.375000 0.086477
0.345000 0.391667 0.075432
0.345000 0.408333 0.064180
0.345000 0.425000 0.052753
0.345000 0.441667 0.041181
0.345000 0.458333 0.029496
0.345000 0.475000 0.017730
0.345000 0.491667 0.005915
0.355000 0.008333 0.228897
0.355000 0.025000 0.228269
0.355000 0.041667 0.227016
0.355000 0.058333 0.225141
0.355000 0.075000 0.222648
0.355000 0.091667 0.219546
0.355000 0.108333 0.215841
0.355000 0.125000 0.211545
0.355000 0.141667 0.206669
0.355000 0.158333 0.201227
0.355000 0.175000 0.195233
0.355000 0.191667 0.188704
0.355000 0.208333 0.181658
0.355000 0.225000 0.174114
0.355000 0.241667 0.166093
0.355000 0.258333 0.157616
0.355000 0.275000 0.148707
0.355000 0.291667 0.139391
0.355000 0.308333 0.129693
0.355000 0.325000 0.119639
0.355000 0.341667 0.109257
0.355000 0.358333 0.098576
0.355000 0.375000 0.087625
0.355000 0.391667 0.076433
0.355000 0.408333 0.065032
0.355000 0.425000 0.053453
0.355000 0.441667 0.041727
0.355000 0.458333 0.029887
0.355000 0.475000 0.017965
0.355000 0.491667 0.005994
0.365000 0.008333 0.231696
0.365000 0.025000 0.231061
0.365000 0.041667 0.229792
0.365000 0.058333 0.227894
0.365000 0.075000 0.225371
0.365000 0.091667 0.222230
0.365000 0.108333 0.218481
0.365000 0.125000 0.214132
0.365000 0.141667 0.209197
0.365000 0.158333 0.203688
0.365000 0.175000 0.197621
0.365000 0.191667 0.191012
0.365000 0.208333 0.183879
0.365000 0.225000 0.176243
0.365000 0.241667 0.168124
0.365000 0.258333 0.159543
0.365000 0.275000 0.150526
0.365000 0.291667 0.141096
0.365000 0.308333 0.131279
0.365000 0.325000 0.121102
0.365000 0.341667 0.110593
0.365000 0.358333 0.099782
0.365000 0.375000 0.088696
0.365000 0.391667 0.077368
0.365000 0.408333 0.065828
0.365000 0.425000 0.054107
0.365000 0.441667 0.042238
0.365000 0.458333 0.030253
0.365000 0.475000 0.018185
0.365000 0.491667 0.006067
0.375000 0.008333 0.234295
0.375000 0.025000 0.233653
0.375000 0.041667 0.232370
0.375000 0.058333 0.230450
0.375000 0.075000 0.227899
0.375000 0.091667 0.224723
0.375000 0.108333 0.220932
0.375000 0.125000 0.216534
0.375000 0.141667 0.211543
0.375000 0.158333 0.205973
0.375000 0.175000 0.199838
0.375000 0.191667 0.193155
0.375000 0.208333 0.185942
0.375000 0.225000 0.178220
0.375000 0.241667 0.170010
0.375000 0.258333 0.161333
0.375000 0.275000 0.152214
0.375000 0.291667 0.142678
0.375000 0.308333 0.132751
0.375000 0.325000 0.122461
0.375000 0.341667 0.111834
0.375000 0.358333 0.100901
0.375000 0.375000 0.089691
0.375000 0.391667 0.078236
0.375000 0.408333 0.066566
0.375000 0.425000 0.054714
0.375000 0.441667 0.042711
0.375000 0.458333 0.030592
0.375000 0.475000 0.018389
0.375000 0.491667 0.006135
0.385000 0.008333 0.236694
0.385000 0.025000 0.236045
0.385000 0.041667 0.234749
0.385000 0.058333 0.232810
0.385000 0.075000 0.230233
0.385000 0.091667 0.227025
0.385000 0.108333 0.223194
0.385000 0.125000 0.218752
0.385000 0.141667 0.213710
0.385000 0.158333 0.208082
0.385000 0.175000 0.201884
0.385000 0.191667 0.195132
0.385000 0.208333 0.187846
0.385000 0.225000 0.180045
0.385000 0.241667 0.171751
0.385000 0.258333 0.162985
0.385000 0.275000 0.153773
0.385000 0.291667 0.144139
0.385000 0.308333 0.134111
0.385000 0.325000 0.123715
0.385000 0.341667 0.112979
0.385000 0.358333 0.101934
0.385000 0.375000 0.090610
0.385000 0.391667 0.079037
0.385000 0.408333 0.067248
0.385000 0.425000 0.055274
0.385000 0.441667 0.043149
0.385000 0.458333 0.030905
0.385000 0.475000 0.018577
0.385000 0.491667 0.006198
0.395000 0.008333 0.238893
0.395000 0.025000 0.238238
0.395000 0.041667 0.236931
0.395000 0.058333 0.234973
0.395000 0.075000 0.232372
0.395000 0.091667 0.229134
0.395000 0.108333 0.225268
0.395000 0.125000 0.220784
0.395000 0.141667 0.215695
0.395000 0.158333 0.210015
0.395000 0.175000 0.203760
0.395000 0.191667 0.196946
0.395000 0.208333 0.189592
0.395000 0.225000 0.181718
0.395000 0.241667 0.173346
0.395000 0.258333 0.164500
0.395000 0.275000 0.155202
0.395000 0.291667 0.145479
0.395000 0.308333 0.135357
0.395000 0.325000 0.124864
0.395000 0.341667 0.114029
0.395000 0.358333 0.102881
0.395000 0.375000 0.091452
0.395000 0.391667 0.079771
0.395000 0.408333 0.067873
0.395000 0.425000 0.055788
0.395000 0.441667 0.043550
0.395000 0.458333 0.031192
0.395000 0.475000 0.018750
0.395000 0.491667 0.006256
0.405000 0.008333 0.240892
0.405000 0.025000 0.240232
0.405000 0.041667 0.238913
0.405000 0.058333 0.236940
0.405000 0.075000 0.234317
0.405000 0.091667 0.231052
0.405000 0.108333 0.227153
0.405000 0.125000 0.222632
0.405000 0.141667 0.217500
0.405000 0.158333 0.211773
0.405000 0.175000 0.205465
0.405000 0.191667 0.198594
0.405000 0.208333 0.191178
0.405000 0.225000 0.183239
0.405000 0.241667 0.174797
0.405000 0.258333 0.165876
0.405000 0.275000 0.156501
0.405000 0.291667 0.146696
0.405000 0.308333 0.136490
0.405000 0.325000 0.125909
0.405000 0.341667 0.114983
0.405000 0.358333 0.103742
0.405000 0.375000 0.092217
0.405000 0.391667 0.080439
0.405000 0.408333 0.068441
0.405000 0.425000 0.056254
0.405000 0.441667 0.043914
0.405000 0.458333 0.031454
0.405000 0.475000 0.018907
0.405000 0.491667 0.006308
0.415000 0.008333 0.242692
0.415000 0.025000 0.242027
0.415000 0.041667 0.240698
0.415000 0.058333 0.238710
0.415000 0.075000 0.236067
0.415000 0.091667 0.232777
0.415000 0.108333 0.228850
0.415000 0.125000 0.224295
0.415000 0.141667 0.219125
0.415000 0.158333 0.213355
0.415000 0.175000 0.207000
0.415000 0.191667 0.200077
0.415000 0.208333 0.192606
0.415000 0.225000 0.184608
0.415000 0.241667 0.176103
0.415000 0.258333 0.167115
0.415000 0.275000 0.157670
0.415000 0.291667 0.147792
0.415000 0.308333 0.137509
0.415000 0.325000 0.126850
0.415000 0.341667 0.115842
0.415000 0.358333 0.104517
0.415000 0.375000 0.092906
0.415000 0.391667 0.081040
0.415000 0.408333 0.068952
0.415000 0.425000 0.056675
0.415000 0.441667 0.044242
0.415000 0.458333 0.031688
0.415000 0.475000 0.019048
0.415000 0.491667 0.006355
0.425000 0.008333 0.244291
0.425000 0.025000 0.243622
0.425000 0.041667 0.242284
0.425000 0.058333 0.240283
0.425000 0.075000 0.237623
0.425000 0.091667 0.234312
0.425000 0.108333 0.230358
0.425000 0.125000 0.225773
0.425000 0.141667 0.220569
0.425000 0.158333 0.214761
0.425000 0.175000 0.208364
0.425000 0.191667 0.201396
0.425000 0.208333 0.193876
0.425000 0.225000 0.185824
0.425000 0.241667 0.177263
0.425000 0.258333 0.168217
0.425000 0.275000 0.158709
0.425000 0.291667 0.148766
0.425000 0.308333 0.138416
0.425000 0.325000 0.127686
0.425000 0.341667 0.116606
0.425000 0.358333 0.105206
0.425000 0.375000 0.093518
0.425000 0.391667 0.081574
0.425000 0.408333 0.069406
0.425000 0.425000 0.057048
0.425000 0.441667 0.044534
0.425000 0.458333 0.031897
0.425000 0.475000 0.019173
0.425000 0.491667 0.006397
0.435000 0.008333 0.245691
0.435000 0.025000 0.245017
0.435000 0.041667 0.243672
0.435000 0.058333 0.241659
0.435000 0.075000 0.238984
0.435000 0.091667 0.235654
0.435000 0.108333 0.231678
0.435000 0.125000 0.227066
0.435000 0.141667 0.221833
0.435000 0.158333 0.215991
0.435000 0.175000 0.209558
0.435000 0.191667 0.202550
0.435000 0.208333 0.194986
0.435000 0.225000 0.186889
0.435000 0.241667 0.178279
0.435000 0.258333 0.169180
0.435000 0.275000 0.159618
0.435000 0.291667 0.149618
0.435000 0.308333 0.139208
0.435000 0.325000 0.128417
0.435000 0.341667 0.117274
0.435000 0.358333 0.105809
0.435000 0.375000 0.094054
0.435000 0.391667 0.082041
0.435000 0.408333 0.069804
0.435000 0.425000 0.057375
0.435000 0.441667 0.044789
0.435000 0.458333 0.032080
0.435000 0.475000 0.019283
0.435000 0.491667 0.006434
0.445000 0.008333 0.246890
0.445000 0.025000 0.246214
0.445000 0.041667 0.244862
0.445000 0.058333 0.242839
0.445000 0.075000 0.240151
0.445000 0.091667 0.236805
0.445000 0.108333 0.232809
0.445000 0.125000 0.228175
0.445000 0.141667 0.222916
0.445000 0.158333 0.217046
0.445000 0.175000 0.210581
0.445000 0.191667 0.203539
0.445000 0.208333 0.195938
0.445000 0.225000 0.187801
0.445000 0.241667 0.179149
0.445000 0.258333 0.170006
0.445000 0.275000 0.160397
0.445000 0.291667 0.150349
0.445000 0.308333 0.139888
0.445000 0.325000 0.129044
0.445000 0.341667 0.117846
0.445000 0.358333 0.106325
0.445000 0.375000 0.094513
0.445000 0.391667 0.082442
0.445000 0.408333 0.070145
0.445000 0.425000 0.057655
0.445000 0.441667 0.045008
0.445000 0.458333 0.032237
0.445000 0.475000 0.019377
0.445000 0.491667 0.006465
0.455000 0.008333 0.247890
0.455000 0.025000 0.247211
0.455000 0.041667 0.245854
0.455000 0.058333 0.243823
0.455000 0.075000 0.241123
0.455000 0.091667 0.237763
0.455000 0.108333 0.233752
0.455000 0.125000 0.229099
0.455000 0.141667 0.223819
0.455000 0.158333 0.217925
0.455000 0.175000 0.211433
0.455000 0.191667 0.204363
0.455000 0.208333 0.196732
0.455000 0.225000 0.188562
0.455000 0.241667 0.179875
0.455000 0.258333 0.170695
0.455000 0.275000 0.161047
0.455000 0.291667 0.150958
0.455000 0.308333 0.140455
0.455000 0.325000 0.129567
0.455000 0.341667 0.118323
0.455000 0.358333 0.106756
0.455000 0.375000 0.094896
0.455000 0.391667 0.082776
0.455000 0.408333 0.070429
0.455000 0.425000 0.057889
0.455000 0.441667 0.045190
0.455000 0.458333 0.032367
0.455000 0.475000 0.019456
0.455000 0.491667 0.006491
0.465000 0.008333 0.248690
0.465000 0.025000 0.248008
0.465000 0.041667 0.246647
0.465000 0.058333 0.244609
0.465000 0.075000 0.241901
0.465000 0.091667 0.238530
0.465000 0.108333 0.234506
0.465000 0.125000 0.229838
0.465000 0.141667 0.224541
0.465000 0.158333 0.218628
0.465000 0.175000 0.212116
0.465000 0.191667 0.205022
0.465000 0.208333 0.197366
0.465000 0.225000 0.189170
0.465000 0.241667 0.180455
0.465000 0.258333 0.171245
0.465000 0.275000 0.161566
0.465000 0.291667 0.151445
0.465000 0.308333 0.140908
0.465000 0.325000 0.129985
0.465000 0.341667 0.118705
0.465000 0.358333 0.107100
0.465000 0.375000 0.095202
0.465000 0.391667 0.083043
0.465000 0.408333 0.070656
0.465000 0.425000 0.058075
0.465000 0.441667 0.045336
0.465000 0.458333 0.032472
0.465000 0.475000 0.019519
0.465000 0.491667 0.006512
0.475000 0.008333 0.249290
0.475000 0.025000 0.248606
0.475000 0.041667 0.247242
0.475000 0.058333 0.245199
0.475000 0.075000 0.242485
0.475000 0.091667 0.239106
0.475000 0.108333 0.235071
0.475000 0.125000 0.230392
0.475000 0.141667 0.225082
0.475000 0.158333 0.219155
0.475000 0.175000 0.212627
0.475000 0.191667 0.205516
0.475000 0.208333 0.197842
0.475000 0.225000 0.189626
0.475000 0.241667 0.180890
0.475000 0.258333 0.171658
0.475000 0.275000 0.161956
0.475000 0.291667 0.151810
0.475000 0.308333 0.141248
0.475000 0.325000 0.130298
0.475000 0.341667 0.118991
0.475000 0.358333 0.107359
0.475000 0.375000 0.095432
0.475000 0.391667 0.083243
0.475000 0.408333 0.070826
0.475000 0.425000 0.058215
0.475000 0.441667 0.045445
0.475000 0.458333 0.032550
0.475000 0.475000 0.019566
0.475000 0.491667 0.006528
0.485000 0.008333 0.249689
0.485000 0.025000 0.249005
0.485000 0.041667 0.247638
0.485000 0.058333 0.245592
0.485000 0.075000 0.242874
0.485000 0.091667 0.239489
0.485000 0.108333 0.235448
0.485000 0.125000 0.230762
0.485000 0.141667 0.225443
0.485000 0.158333 0.219507
0.485000 0.175000 0.212968
0.485000 0.191667 0.205846
0.485000 0.208333 0.198160
0.485000 0.225000 0.189930
0.485000 0.241667 0.181180
0.485000 0.258333 0.171934
0.485000 0.275000 0.162216
0.485000 0.291667 0.152053
0.485000 0.308333 0.141474
0.485000 0.325000 0.130507
0.485000 0.341667 0.119182
0.485000 0.358333 0.107531
0.485000 0.375000 0.095585
0.485000 0.391667 0.083377
0.485000 0.408333 0.070940
0.485000 0.425000 0.058309
0.485000 0.441667 0.045518
0.485000 0.458333 0.032602
0.485000 0.475000 0.019597
0.485000 0.491667 0.006538
0.495000 0.008333 0.249889
0.495000 0.025000 0.249204
0.495000 0.041667 0.247836
0.495000 0.058333 0.245789
0.495000 0.075000 0.243068
0.495000 0.091667 0.239681
0.495000 0.108333 0.235637
0.495000 0.125000 0.230947
0.495000 0.141667 0.225624
0.495000 0.158333 0.219682
0.495000 0.175000 0.213139
0.495000 0.191667 0.206011
0.495000 0.208333 0.198319
0.495000 0.225000 0.190082
0.495000 0.241667 0.181325
0.495000 0.258333 0.172071
0.495000 0.275000 0.162346
0.495000 0.291667 0.152175
0.495000 0.308333 0.141587
0.495000 0.325000 0.130612
0.495000 0.341667 0.119278
0.495000 0.358333 0.107617
0.495000 0.375000 0.095661
0.495000 0.391667 0.083443
0.495000 0.408333 0.070997
0.495000 0.425000 0.058356
0.495000 0.441667 0.045554
0.495000 0.458333 0.032628
0.495000 0.475000 0.019613
0.495000 0.491667 0.006544
0.505000 0.008333 0.249889
0.505000 0.025000 0.249204
0.505000 0.041667 0.247836
0.505000 0.058333 0.245789
0.505000 0.075000 0.243068
0.505000 0.091667 0.239681
0.505000 0.108333 0.235637
0.505000 0.125000 0.230947
0.505000 0.141667 0.225624
0.505000 0.158333 0.219682
0.505000 0.175000 0.213139
0.505000 0.191667 0.206011
0.505000 0.208333 0.198319
0.505000 0.225000 0.190082
0.505000 0.241667 0.181325
0.505000 0.258333 0.172071
0.505000 0.275000 0.162346
0.505000 0.291667 0.152175
0.505000 0.308333 0.141587
0.505000 0.325000 0.130612
0.505000 0.341667 0.119278
0.505000 0.358333 0.107617
0.505000 0.375000 0.095661
0.505000 0.391667 0.083443
0.505000 0.408333 0.070997
0.505000 0.425000 0.058356
0.505000 0.441667 0.045554
0.505000 0.458333 0.032628
0.505000 0.475000 0.019613
0.505000 0.491667 0.006544
0.515000 0.008333 0.249689
0.515000 0.025000 0.249005
0.515000 0.041667 0.247638
0.515000 0.058333 0.245592
0.515000 0.075000 0.242874
0.515000 0.091667 0.239489
0.515000 0.108333 0.235448
0.515000 0.125000 0.230762
0.515000 0.141667 0.225443
0.515000 0.158333 0.219507
0.515000 0.175000 0.212968
0.515000 0.191667 0.205846
0.515000 0.208333 0.198160
0.515000 0.225000 0.189930
0.515000 0.241667 0.181180
0.515000 0.258333 0.171934
0.515000 0.275000 0.162216
0.515000 0.291667 0.152053
0.515000 0.308333 0.141474
0.515000 0.325000 0.130507
0.515000 0.341667 0.119182
0.515000 0.358333 0.107531
0.515000 0.375000 0.095585
0.515000 0.391667 0.083377
0.515000 0.408333 0.070940
0.515000 0.425000 0.058309
0.515000 0.441667 0.045518
0.515000 0.458333 0.032602
0.515000 0.475000 0.019597
0.515000 0.491667 0.006538
0.525000 0.008333 0.249290
0.525000 0.025000 0.248606
0.525000 0.041667 0.247242
0.525000 0.058333 0.245199
0.525000 0.075000 0.242485
0.525000 0.091667 0.239106
0.525000 0.108333 0.235071
0.525000 0.125000 0.230392
0.525000 0.141667 0.225082
0.525000 0.158333 0.219155
0.525000 0.175000 0.212627
0.525000 0.191667 0.205516
0.525000 0.208333 0.197842
0.525000 0.225000 0.189626
0.525000 0.241667 0.180890
0.525000 0.258333 0.171658
0.525000 0.275000 0.161956
0.525000 0.291667 0.151810
0.525000 0.308333 0.141248
0.525000 0.325000 0.130298
0.525000 0.341667 0.118991
0.525000 0.358333 0.107359
0.525000 0.375000 0.095432
0.525000 0.391667 0.083243
0.525000 0.408333 0.070826
0.525000 0.425000 0.058215
0.525000 0.441667 0.045445
0.525000 0.458333 0.032550
0.525000 0.475000 0.019566
0.525000 0.491667 0.006528
0.535000 0.008333 0.248690
0.535000 0.025000 0.248008
0.535000 0.041667 0.246647
0.535000 0.058333 0.244609
0.535000 0.075000 0.241901
0.535000 0.091667 0.238530
0.535000 0.108333 0.234506
0.535000 0.125000 0.229838
0.535000 0.141667 0.224541
0.535000 0.158333 0.218628
0.535000 0.175000 0.212116
0.535000 0.191667 0.205022
0.535000 0.208333 0.197366
0.535000 0.225000 0.189170
0.535000 0.241667 0.180455
0.535000 0.258333 0.171245
0.535000 0.275000 0.161566
0.535000 0.291667 0.151445
0.535000 0.308333 0.140908
0.535000 0.325000 0.129985
0.535000 0.341667 0.118705
0.535000 0.358333 0.107100
0.535000 0.375000 0.095202
0.535000 0.391667 0.083043
0.535000 0.408333 0.070656
0.535000 0.425000 0.058075
0.535000 0.441667 0.045336
0.535000 0.458333 0.032472
0.535000 0.475000 0.019519
0.535000 0.491667 0.006512
0.545000 0.008333 0.247890
0.545000 0.025000 0.247211
0.545000 0.041667 0.245854
0.545000 0.058333 0.243823
0.545000 0.075000 0.241123
0.545000 0.091667 0.237763
0.545000 0.108333 0.233752
0.545000 0.125000 0.229099
0.545000 0.141667 0.223819
0.545000 0.158333 0.217925
0.545000 0.175000 0.211433
0.545000 0.191667 0.204363
0.545000 0.208333 0.196732
0.545000 0.225000 0.188562
0.545000 0.241667 0.179875
0.545000 0.258333 0.170695
0.545000 0.275000 0.161047
0.545000 0.291667 0.150958
0.545000 0.308333 0.140455
0.545000 0.325000 0.129567
0.545000 0.341667 0.118323
0.545000 0.358333 0.106756
0.545000 0.375000 0.094896
0.545000 0.391667 0.082776
0.545000 0.408333 0.070429
0.545000 0.425000 0.057889
0.545000 0.441667 0.045190
0.545000 0.458333 0.032367
0.545000 0.475000 0.019456
0.545000 0.491667 0.006491
0.555000 0.008333 0.246890
0.555000 0.025000 0.246214
0.555000 0.041667 0.244862
0.555000 0.058333 0.242839
0.555000 0.075000 0.240151
0.555000 0.091667 0.236805
0.555000 0.108333 0.232809
0.555000 0.125000 0.228175
0.555000 0.141667 0.222916
0.555000 0.158333 0.217046
0.555000 0.175000 0.210581
0.555000 0.191667 0.203539
0.555000 0.208333 0.195938
0.555000 0.225000 0.187801
0.555000 0.241667 0.179149
0.555000 0.258333 0.170006
0.555000 0.275000 0.160397
0.555000 0.291667 0.150349
0.555000 0.308333 0.139888
0.555000 0.325000 0.129044
0.555000 0.341667 0.117846
0.555000 0.358333 0.106325
0.555000 0.375000 0.094513
0.555000 0.391667 0.082442
0.555000 0.408333 0.070145
0.555000 0.425000 0.057655
0.555000 0.441667 0.045008
0.555000 0.458333 0.032237
0.555000 0.475000 0.019377
0.555000 0.491667 0.006465
0.565000 0.008333 0.245691
0.565000 0.025000 0.245017
0.565000 0.041667 0.243672
0.565000 0.058333 0.241659
0.565000 0.075000 0.238984
0.565000 0.091667 0.235654
0.565000 0.108333 0.231678
0.565000 0.125000 0.227066
0.565000 0.141667 0.221833
0.565000 0.158333 0.215991
0.565000 0.175000 0.209558
0.565000 0.191667 0.202550
0.565000 0.208333 0.194986
0.565000 0.225000 0.186889
0.565000 0.241667 0.178279
0.565000 0.258333 0.169180
0.565000 0.275000 0.159618
0.565000 0.291667 0.149618
0.565000 0.308333 0.139208
0.565000 0.325000 0.128417
0.565000 0.341667 0.117274
0.565000 0.358333 0.105809
0.565000 0.375000 0.094054
0.565000 0.391667 0.082041
0.565000 0.408333 0.069804
0.565000 0.425000 0.057375
0.565000 0.441667 0.044789
0.565000 0.458333 0.032080
0.565000 0.475000 0.019283
0.565000 0.491667 0.006434
0.575000 0.008333 0.244291
0.575000 0.025000 0.243622
0.575000 0.041667 0.242284
0.575000 0.058333 0.240283
0.575000 0.075000 0.237623
0.575000 0.091667 0.234312
0.575000 0.108333 0.230358
0.575000 0.125000 0.225773
0.575000 0.141667 0.220569
0.575000 0.158333 0.214761
0.575000 0.175000 0.208364
0.575000 0.191667 0.201396
0.575000 0.208333 0.193876
0.575000 0.225000 0.185824
0.575000 0.241667 0.177263
0.575000 0.258333 0.168217
0.575000 0.275000 0.158709
0.575000 0.291667 0.148766
0.575000 0.308333 0.138416
0.575000 0.325000 0.127686
0.575000 0.341667 0.116606
0.575000 0.358333 0.105206
0.575000 0.375000 0.093518
0.575000 0.391667 0.081574
0.575000 0.408333 0.069406
0.575000 0.425000 0.057048
0.575000 0.441667 0.044534
0.575000 0.458333 0.031897
0.575000 0.475000 0.019173
0.575000 0.491667 0.006397
0.585000 0.008333 0.242692
0.585000 0.025000 0.242027
0.585000 0.041667 0.240698
0.585000 0.058333 0.238710
0.585000 0.075000 0.236067
0.585000 0.091667 0.232777
0.585000 0.108333 0.228850
0.585000 0.125000 0.224295
0.585000 0.141667 0.219125
0.585000 0.158333 0.213355
0.585000 0.175000 0.207000
0.585000 0.191667 0.200077
0.585000 0.208333 0.192606
0.585000 0.225000 0.184608
0.585000 0.241667 0.176103
0.585000 0.258333 0.167115
0.585000 0.275000 0.157670
0.585000 0.291667 0.147792
0.585000 0.308333 0.137509
0.585000 0.325000 0.126850
0.585000 0.341667 0.115842
0.585000 0.358333 0.104517
0.585000 0.375000 0.092906
0.585000 0.391667 0.081040
0.585000 0.408333 0.068952
0.585000 0.425000 0.056675
0.585000 0.441667 0.044242
0.585000 0.458333 0.031688
0.585000 0.475000 0.019048
0.585000 0.491667 0.006355
0.595000 0.008333 0.240892
0.595000 0.025000 0.240232
0.595000 0.041667 0.238913
0.595000 0.058333 0.236940
0.595000 0.075000 0.234317
0.595000 0.091667 0.231052
0.595000 0.108333 0.227153
0.595000 0.125000 0.222632
0.595000 0.141667 0.217500
0.595000 0.158333 0.211773
0.595000 0.175000 0.205465
0.595000 0.191667 0.198594
0.595000 0.208333 0.191178
0.595000 0.225000 0.183239
0.595000 0.241667 0.174797
0.595000 0.258333 0.165876
0.595000 0.275000 0.156501
0.595000 0.291667 0.146696
0.595000 0.308333 0.136490
0.595000 0.325000 0.125909
0.595000 0.341667 0.114983
0.595000 0.358333 0.103742
0.595000 0.375000 0.092217
0.595000 0.391667 0.080439
0.595000 0.408333 0.068441
0.595000 0.425000 0.056254
0.595000 0.441667 0.043914
0.595000 0.458333 0.031454
0.595000 0.475000 0.018907
0.595000 0.491667 0.006308
0.605000 0.008333 0.238893
0.605000 0.025000 0.238238
0.605000 0.041667 0.236931
0.605000 0.058333 0.234973
0.605000 0.075000 0.232372
0.605000 0.091667 0.229134
0.605000 0.108333 0.225268
0.605000 0.125000 0.220784
0.605000 0.141667 0.215695
0.605000 0.158333 0.210015
0.605000 0.175000 0.203760
0.605000 0.191667 0.196946
0.605000 0.208333 0.189592
0.605000 0.225000 0.181718
0.605000 0.241667 0.173346
0.605000 0.258333 0.164500
0.605000 0.275000 0.155202
0.605000 0.291667 0.145479
0.605000 0.308333 0.135357
0.605000 0.325000 0.124864
0.605000 0.341667 0.114029
0.605000 0.358333 0.102881
0.605000 0.375000 0.091452
0.605000 0.391667 0.079771
0.605000 0.408333 0.067873
0.605000 0.425000 0.055788
0.605000 0.441667 0.043550
0.605000 0.458333 0.031192
0.605000 0.475000 0.018750
0.605000 0.491667 0.006256
0.615000 0.008333 0.236694
0.615000 0.025000 0.236045
0.615000 0.041667 0.234749
0.615000 0.058333 0.232810
0.615000 0.075000 0.230233
0.615000 0.091667 0.227025
0.615000 0.108333 0.223194
0.615000 0.125000 0.218752
0.615000 0.141667 0.213710
0.615000 0.158333 0.208082
0.615000 0.175000 0.201884
0.615000 0.191667 0.195132
0.615000 0.208333 0.187846
0.615000 0.225000 0.180045
0.615000 0.241667 0.171751
0.615000 0.258333 0.162985
0.615000 0.275000 0.153773
0.615000 0.291667 0.144139
0.615000 0.308333 0.134111
0.615000 0.325000 0.123715
0.615000 0.341667 0.112979
0.615000 0.358333 0.101934
0.615000 0.375000 0.090610
0.615000 0.391667 0.079037
0.615000 0.408333 0.067248
0.615000 0.425000 0.055274
0.615000 0.441667 0.043149
0.615000 0.458333 0.030905
0.615000 0.475000 0.018577
0.615000 0.491667 0.006198
0.625000 0.008333 0.234295
0.625000 0.025000 0.233653
0.625000 0.041667 0.232370
0.625000 0.058333 0.230450
0.625000 0.075000 0.227899
0.625000 0.091667 0.224723
0.625000 0.108333 0.220932
0.625000 0.125000 0.216534
0.625000 0.141667 0.211543
0.625000 0.158333 0.205973
0.625000 0.175000 0.199838
0.625000 0.191667 0.193155
0.625000 0.208333 0.185942
0.625000 0.225000 0.178220
0.625000 0.241667 0.170010
0.625000 0.258333 0.161333
0.625000 0.275000 0.152214
0.625000 0.291667 0.142678
0.625000 0.308333 0.132751
0.625000 0.325000 0.122461
0.625000 0.341667 0.111834
0.625000 0.358333 0.100901
0.625000 0.375000 0.089691
0.625000 0.391667 0.078236
0.625000 0.408333 0.066566
0.625000 0.425000 0.054714
0.625000 0.441667 0.042711
0.625000 0.458333 0.030592
0.625000 0.475000 0.018389
0.625000 0.491667 0.006135
0.635000 0.008333 0.231696
0.635000 0.025000 0.231061
0.635000 0.041667 0.229792
0.635000 0.058333 0.227894
0.635000 0.075000 0.225371
0.635000 0.091667 0.222230
0.635000 0.108333 0.218481
0.635000 0.125000 0.214132
0.635000 0.141667 0.209197
0.635000 0.158333 0.203688
0.635000 0.175000 0.197621
0.635000 0.191667 0.191012
0.635000 0.208333 0.183879
0.635000 0.225000 0.176243
0.635000 0.241667 0.168124
0.635000 0.258333 0.159543
0.635000 0.275000 0.150526
0.635000 0.291667 0.141096
0.635000 0.308333 0.131279
0.635000 0.325000 0.121102
0.635000 0.341667 0.110593
0.635000 0.358333 0.099782
0.635000 0.375000 0.088696
0.635000 0.391667 0.077368
0.635000 0.408333 0.065828
0.635000 0.425000 0.054107
0.635000 0.441667 0.042238
0.635000 0.458333 0.030253
0.635000 0.475000 0.018185
0.635000 0.491667 0.006067
0.645000 0.008333 0.228897
0.645000 0.025000 0.228269
0.645000 0.041667 0.227016
0.645000 0.058333 0.225141
0.645000 0.075000 0.222648
0.645000 0.091667 0.219546
0.645000 0.108333 0.215841
0.645000 0.125000 0.211545
0.645000 0.141667 0.206669
0.645000 0.158333 0.201227
0.645000 0.175000 0.195233
0.645000 0.191667 0.188704
0.645000 0.208333 0.181658
0.645000 0.225000 0.174114
0.645000 0.241667 0.166093
0.645000 0.258333 0.157616
0.645000 0.275000 0.148707
0.645000 0.291667 0.139391
0.645000 0.308333 0.129693
0.645000 0.325000 0.119639
0.645000 0.341667 0.109257
0.645000 0.358333 0.098576
0.645000 0.375000 0.087625
0.645000 0.391667 0.076433
0.645000 0.408333 0.065032
0.645000 0.425000 0.053453
0.645000 0.441667 0.041727
0.645000 0.458333 0.029887
0.645000 0.475000 0.017965
0.645000 0.491667 0.005994
0.655000 0.008333 0.225898
0.655000 0.025000 0.225278
0.655000 0.041667 0.224042
0.655000 0.058333 0.222191
0.655000 0.075000 0.219731
0.655000 0.091667 0.216669
0.655000 0.108333 0.213013
0.655000 0.125000 0.208774
0.655000 0.141667 0.203962
0.655000 0.158333 0.198591
0.655000 0.175000 0.192675
0.655000 0.191667 0.186232
0.655000 0.208333 0.179278
0.655000 0.225000 0.171833
0.655000 0.241667 0.163916
0.655000 0.258333 0.155551
0.655000 0.275000 0.146759
0.655000 0.291667 0.137565
0.655000 0.308333 0.127994
0.655000 0.325000 0.118072
0.655000 0.341667 0.107826
0.655000 0.358333 0.097285
0.655000 0.375000 0.086477
0.655000 0.391667 0.075432
0.655000 0.408333 0.064180
0.655000 0.425000 0.052753
0.655000 0.441667 0.041181
0.655000 0.458333 0.029496
0.655000 0.475000 0.017730
0.655000 0.491667 0.005915
0.665000 0.008333 0.222699
0.665000 0.025000 0.222088
0.665000 0.041667 0.220869
0.665000 0.058333 0.219045
0.665000 0.075000 0.216620
0.665000 0.091667 0.213601
0.665000 0.108333 0.209997
0.665000 0.125000 0.205817
0.665000 0.141667 0.201073
0.665000 0.158333 0.195778
0.665000 0.175000 0.189947
0.665000 0.191667 0.183595
0.665000 0.208333 0.176739
0.665000 0.225000 0.169399
0.665000 0.241667 0.161595
0.665000 0.258333 0.153348
0.665000 0.275000 0.144681
0.665000 0.291667 0.135617
0.665000 0.308333 0.126181
0.665000 0.325000 0.116400
0.665000 0.341667 0.106299
0.665000 0.358333 0.095907
0.665000 0.375000 0.085252
0.665000 0.391667 0.074364
0.665000 0.408333 0.063272
0.665000 0.425000 0.052006
0.665000 0.441667 0.040598
0.665000 0.458333 0.029078
0.665000 0.475000 0.017479
0.665000 0.491667 0.005832
0.675000 0.008333 0.219300
0.675000 0.025000 0.218699
0.675000 0.041667 0.217498
0.675000 0.058333 0.215702
0.675000 0.075000 0.213314
0.675000 0.091667 0.210341
0.675000 0.108333 0.206792
0.675000 0.125000 0.202676
0.675000 0.141667 0.198005
0.675000 0.158333 0.192791
0.675000 0.175000 0.187048
0.675000 0.191667 0.180793
0.675000 0.208333 0.174042
0.675000 0.225000 0.166814
0.675000 0.241667 0.159129
0.675000 0.258333 0.151008
0.675000 0.275000 0.142473
0.675000 0.291667 0.133547
0.675000 0.308333 0.124255
0.675000 0.325000 0.114623
0.675000 0.341667 0.104677
0.675000 0.358333 0.094443
0.675000 0.375000 0.083951
0.675000 0.391667 0.073229
0.675000 0.408333 0.062306
0.675000 0.425000 0.051212
0.675000 0.441667 0.039978
0.675000 0.458333 0.028634
0.675000 0.475000 0.017212
0.675000 0.491667 0.005743
0.685000 0.008333 0.215701
0.685000 0.025000 0.215110
0.685000 0.041667 0.213929
0.685000 0.058333 0.212162
0.685000 0.075000 0.209813
0.685000 0.091667 0.206889
0.685000 0.108333 0.203398
0.685000 0.125000 0.199350
0.685000 0.141667 0.194755
0.685000 0.158333 0.189627
0.685000 0.175000 0.183978
0.685000 0.191667 0.177826
0.685000 0.208333 0.171186
0.685000 0.225000 0.164077
0.685000 0.241667 0.156518
0.685000 0.258333 0.148530
0.685000 0.275000 0.140135
0.685000 0.291667 0.131355
0.685000 0.308333 0.122216
0.685000 0.325000 0.112742
0.685000 0.341667 0.102959
0.685000 0.358333 0.092894
0.685000 0.375000 0.082574
0.685000 0.391667 0.072027
0.685000 0.408333 0.061283
0.685000 0.425000 0.050372
0.685000 0.441667 0.039322
0.685000 0.458333 0.028164
0.685000 0.475000 0.016930
0.685000 0.491667 0.005648
0.695000 0.008333 0.211902
0.695000 0.025000 0.211322
0.695000 0.041667 0.210162
0.695000 0.058333 0.208425
0.695000 0.075000 0.206118
0.695000 0.091667 0.203246
0.695000 0.108333 0.199816
0.695000 0.125000 0.195839
0.695000 0.141667 0.191326
0.695000 0.158333 0.186287
0.695000 0.175000 0.180738
0.695000 0.191667 0.174694
0.695000 0.208333 0.168171
0.695000 0.225000 0.161187
0.695000 0.241667 0.153761
0.695000 0.258333 0.145914
0.695000 0.275000 0.137667
0.695000 0.291667 0.129042
0.695000 0.308333 0.120064
0.695000 0.325000 0.110757
0.695000 0.341667 0.101146
0.695000 0.358333 0.091258
0.695000 0.375000 0.081119
0.695000 0.391667 0.070759
0.695000 0.408333 0.060204
0.695000 0.425000 0.049485
0.695000 0.441667 0.038629
0.695000 0.458333 0.027668
0.695000 0.475000 0.016631
0.695000 0.491667 0.005549
0.705000 0.008333 0.207904
0.705000 0.025000 0.207334
0.705000 0.041667 0.206196
0.705000 0.058333 0.204492
0.705000 0.075000 0.202229
0.705000 0.091667 0.199411
0.705000 0.108333 0.196046
0.705000 0.125000 0.192144
0.705000 0.141667 0.187715
0.705000 0.158333 0.182772
0.705000 0.175000 0.177328
0.705000 0.191667 0.171398
0.705000 0.208333 0.164998
0.705000 0.225000 0.158145
0.705000 0.241667 0.150860
0.705000 0.258333 0.143161
0.705000 0.275000 0.135069
0.705000 0.291667 0.126607
0.705000 0.308333 0.117798
0.705000 0.325000 0.108667
0.705000 0.341667 0.099237
0.705000 0.358333 0.089536
0.705000 0.375000 0.079589
0.705000 0.391667 0.069423
0.705000 0.408333 0.059068
0.705000 0.425000 0.048551
0.705000 0.441667 0.037900
0.705000 0.458333 0.027146
0.705000 0.475000 0.016318
0.705000 0.491667 0.005444
0.715000 0.008333 0.203705
0.715000 0.025000 0.203147
0.715000 0.041667 0.202032
0.715000 0.058333 0.200363
0.715000 0.075000 0.198145
0.715000 0.091667 0.195383
0.715000 0.108333 0.192087
0.715000 0.125000 0.188264
0.715000 0.141667 0.183924
0.715000 0.158333 0.179081
0.715000 0.175000 0.173747
0.715000 0.191667 0.167936
0.715000 0.208333 0.161666
0.715000 0.225000 0.154952
0.715000 0.241667 0.147813
0.715000 0.258333 0.140269
0.715000 0.275000 0.132341
0.715000 0.291667 0.124050
0.715000 0.308333 0.115419
0.715000 0.325000 0.106472
0.715000 0.341667 0.097233
0.715000 0.358333 0.087727
0.715000 0.375000 0.077981
0.715000 0.391667 0.068021
0.715000 0.408333 0.057875
0.715000 0.425000 0.047570
0.715000 0.441667 0.037135
0.715000 0.458333 0.026598
0.715000 0.475000 0.015988
0.715000 0.491667 0.005334
0.725000 0.008333 0.199307
0.725000 0.025000 0.198760
0.725000 0.041667 0.197669
0.725000 0.058333 0.196036
0.725000 0.075000 0.193866
0.725000 0.091667 0.191165
0.725000 0.108333 0.187939
0.725000 0.125000 0.184198
0.725000 0.141667 0.179953
0.725000 0.158333 0.175214
0.725000 0.175000 0.169995
0.725000 0.191667 0.164310
0.725000 0.208333 0.158175
0.725000 0.225000 0.151606
0.725000 0.241667 0.144622
0.725000 0.258333 0.137241
0.725000 0.275000 0.129484
0.725000 0.291667 0.121372
0.725000 0.308333 0.112927
0.725000 0.325000 0.104173
0.725000 0.341667 0.095134
0.725000 0.358333 0.085833
0.725000 0.375000 0.076298
0.725000 0.391667 0.066553
0.725000 0.408333 0.056626
0.725000 0.425000 0.046543
0.725000 0.441667 0.036333
0.725000 0.458333 0.026024
0.725000 0.475000 0.015643
0.725000 0.491667 0.005219
0.735000 0.008333 0.194708
0.735000 0.025000 0.194175
0.735000 0.041667 0.193109
0.735000 0.058333 0.191513
0.735000 0.075000 0.189393
0.735000 0.091667 0.186754
0.735000 0.108333 0.183603
0.735000 0.125000 0.179949
0.735000 0.141667 0.175801
0.735000 0.158333 0.171172
0.735000 0.175000 0.166073
0.735000 0.191667 0.160519
0.735000 0.208333 0.154525
0.735000 0.225000 0.148108
0.735000 0.241667 0.141285
0.735000 0.258333 0.134074
0.735000 0.275000 0.126496
0.735000 0.291667 0.118572
0.735000 0.308333 0.110322
0.735000 0.325000 0.101770
0.735000 0.341667 0.092939
0.735000 0.358333 0.083853
0.735000 0.375000 0.074537
0.735000 0.391667 0.065017
0.735000 0.408333 0.055319
0.735000 0.425000 0.045469
0.735000 0.441667 0.035495
0.735000 0.458333 0.025423
0.735000 0.475000 0.015282
0.735000 0.491667 0.005099
0.745000 0.008333 0.189910
0.745000 0.025000 0.189389
0.745000 0.041667 0.188350
0.745000 0.058333 0.186794
0.745000 0.075000 0.184726
0.745000 0.091667 0.182152
0.745000 0.108333 0.179078
0.745000 0.125000 0.175514
0.745000 0.141667 0.171469
0.745000 0.158333 0.166953
0.745000 0.175000 0.161980
0.745000 0.191667 0.156563
0.745000 0.208333 0.150717
0.745000 0.225000 0.144458
0.745000 0.241667 0.137803
0.745000 0.258333 0.130770
0.745000 0.275000 0.123379
0.745000 0.291667 0.115649
0.745000 0.308333 0.107603
0.745000 0.325000 0.099262
0.745000 0.341667 0.090648
0.745000 0.358333 0.081786
0.745000 0.375000 0.072700
0.745000 0.391667 0.063415
0.745000 0.408333 0.053956
0.745000 0.425000 0.044349
0.745000 0.441667 0.034620
0.745000 0.458333 0.024797
0.745000 0.475000 0.014905
0.745000 0.491667 0.004973
0.755000 0.008333 0.184912
0.755000 0.025000 0.184405
0.755000 0.041667 0.183393
0.755000 0.058333 0.181878
0.755000 0.075000 0.179864
0.755000 0.091667 0.177358
0.755000 0.108333 0.174365
0.755000 0.125000 0.170895
0.755000 0.141667 0.166956
0.755000 0.158333 0.162559
0.755000 0.175000 0.157717
0.755000 0.191667 0.152443
0.755000 0.208333 0.146751
0.755000 0.225000 0.140656
0.755000 0.241667 0.134176
0.755000 0.258333 0.127328
0.755000 0.275000 0.120132
0.755000 0.291667 0.112606
0.755000 0.308333 0.104771
0.755000 0.325000 0.096649
0.755000 0.341667 0.088262
0.755000 0.358333 0.079634
0.755000 0.375000 0.070787
0.755000 0.391667 0.061746
0.755000 0.408333 0.052536
0.755000 0.425000 0.043182
0.755000 0.441667 0.033709
0.755000 0.458333 0.024144
0.755000 0.475000 0.014513
0.755000 0.491667 0.004842
0.765000 0.008333 0.179713
0.765000 0.025000 0.179221
0.765000 0.041667 0.178237
0.765000 0.058333 0.176765
0.765000 0.075000 0.174808
0.765000 0.091667 0.172372
0.765000 0.108333 0.169463
0.765000 0.125000 0.166090
0.765000 0.141667 0.162262
0.765000 0.158333 0.157989
0.765000 0.175000 0.153283
0.765000 0.191667 0.148157
0.765000 0.208333 0.142625
0.765000 0.225000 0.136702
0.765000 0.241667 0.130404
0.765000 0.258333 0.123749
0.765000 0.275000 0.116755
0.765000 0.291667 0.109440
0.765000 0.308333 0.101826
0.765000 0.325000 0.093932
0.765000 0.341667 0.085781
0.765000 0.358333 0.077395
0.765000 0.375000 0.068797
0.765000 0.391667 0.060010
0.765000 0.408333 0.051059
0.765000 0.425000 0.041968
0.765000 0.441667 0.032761
0.765000 0.458333 0.023465
0.765000 0.475000 0.014105
0.765000 0.491667 0.004706
0.775000 0.008333 0.174315
0.775000 0.025000 0.173837
0.775000 0.041667 0.172883
0.775000 0.058333 0.171455
0.775000 0.075000 0.169557
0.775000 0.091667 0.167194
0.775000 0.108333 0.164373
0.775000 0.125000 0.161101
0.775000 0.141667 0.157388
0.775000 0.158333 0.153244
0.775000 0.175000 0.148679
0.775000 0.191667 0.143707
0.775000 0.208333 0.138341
0.775000 0.225000 0.132596
0.775000 0.241667 0.126487
0.775000 0.258333 0.120032
0.775000 0.275000 0.113248
0.775000 0.291667 0.106153
0.775000 0.308333 0.098767
0.775000 0.325000 0.091111
0.775000 0.341667 0.083205
0.775000 0.358333 0.075070
0.775000 0.375000 0.066730
0.775000 0.391667 0.058208
0.775000 0.408333 0.049525
0.775000 0.425000 0.040707
0.775000 0.441667 0.031777
0.775000 0.458333 0.022761
0.775000 0.475000 0.013681
0.775000 0.491667 0.004565
0.785000 0.008333 0.168717
0.785000 0.025000 0.168255
0.785000 0.041667 0.167331
0.785000 0.058333 0.165949
0.785000 0.075000 0.164112
0.785000 0.091667 0.161825
0.785000 0.108333 0.159094
0.785000 0.125000 0.155928
0.785000 0.141667 0.152334
0.785000 0.158333 0.148322
0.785000 0.175000 0.143904
0.785000 0.191667 0.139092
0.785000 0.208333 0.133898
0.785000 0.225000 0.128338
0.785000 0.241667 0.122425
0.785000 0.258333 0.116177
0.785000 0.275000 0.109611
0.785000 0.291667 0.102744
0.785000 0.308333 0.095595
0.785000 0.325000 0.088185
0.785000 0.341667 0.080532
0.785000 0.358333 0.072660
0.785000 0.375000 0.064587
0.785000 0.391667 0.056338
0.785000 0.408333 0.047935
0.785000 0.425000 0.039400
0.785000 0.441667 0.030757
0.785000 0.458333 0.022030
0.785000 0.475000 0.013242
0.785000 0.491667 0.004418
0.795000 0.008333 0.162919
0.795000 0.025000 0.162473
0.795000 0.041667 0.161581
0.795000 0.058333 0.160246
0.795000 0.075000 0.158472
0.795000 0.091667 0.156264
0.795000 0.108333 0.153627
0.795000 0.125000 0.150569
0.795000 0.141667 0.147099
0.795000 0.158333 0.143225
0.795000 0.175000 0.138959
0.795000 0.191667 0.134312
0.795000 0.208333 0.129297
0.795000 0.225000 0.123927
0.795000 0.241667 0.118218
0.795000 0.258333 0.112185
0.795000 0.275000 0.105844
0.795000 0.291667 0.099213
0.795000 0.308333 0.092310
0.795000 0.325000 0.085154
0.795000 0.341667 0.077765
0.795000 0.358333 0.070163
0.795000 0.375000 0.062368
0.795000 0.391667 0.054402
0.795000 0.408333 0.046287
0.795000 0.425000 0.038046
0.795000 0.441667 0.029700
0.795000 0.458333 0.021273
0.795000 0.475000 0.012787
0.795000 0.491667 0.004266
0.805000 0.008333 0.156921
0.805000 0.025000 0.156491
0.805000 0.041667 0.155632
0.805000 0.058333 0.154346
0.805000 0.075000 0.152638
0.805000 0.091667 0.150511
0.805000 0.108333 0.147971
0.805000 0.125000 0.145026
0.805000 0.141667 0.141683
0.805000 0.158333 0.137952
0.805000 0.175000 0.133843
0.805000 0.191667 0.129367
0.805000 0.208333 0.124537
0.805000 0.225000 0.119365
0.805000 0.241667 0.113866
0.805000 0.258333 0.108054
0.805000 0.275000 0.101947
0.805000 0.291667 0.095560
0.805000 0.308333 0.088912
0.805000 0.325000 0.082019
0.805000 0.341667 0.074902
0.805000 0.358333 0.067579
0.805000 0.375000 0.060072
0.805000 0.391667 0.052399
0.805000 0.408333 0.044583
0.805000 0.425000 0.036645
0.805000 0.441667 0.028606
0.805000 0.458333 0.020489
0.805000 0.475000 0.012316
0.805000 0.491667 0.004109
0.815000 0.008333 0.150723
0.815000 0.025000 0.150310
0.815000 0.041667 0.149485
0.815000 0.058333 0.148250
0.815000 0.075000 0.146609
0.815000 0.091667 0.144566
0.815000 0.108333 0.142127
0.815000 0.125000 0.139298
0.815000 0.141667 0.136087
0.815000 0.158333 0.132504
0.815000 0.175000 0.128557
0.815000 0.191667 0.124258
0.815000 0.208333 0.119618
0.815000 0.225000 0.114650
0.815000 0.241667 0.109368
0.815000 0.258333 0.103787
0.815000 0.275000 0.097921
0.815000 0.291667 0.091786
0.815000 0.308333 0.085400
0.815000 0.325000 0.078780
0.815000 0.341667 0.071944
0.815000 0.358333 0.064910
0.815000 0.375000 0.057699
0.815000 0.391667 0.050330
0.815000 0.408333 0.042822
0.815000 0.425000 0.035198
0.815000 0.441667 0.027477
0.815000 0.458333 0.019680
0.815000 0.475000 0.011830
0.815000 0.491667 0.003947
0.825000 0.008333 0.144326
0.825000 0.025000 0.143930
0.825000 0.041667 0.143140
0.825000 0.058333 0.141957
0.825000 0.075000 0.140386
0.825000 0.091667 0.138430
0.825000 0.108333 0.136094
0.825000 0.125000 0.133385
0.825000 0.141667 0.130311
0.825000 0.158333 0.126879
0.825000 0.175000 0.123100
0.825000 0.191667 0.118983
0.825000 0.208333 0.114540
0.825000 0.225000 0.109784
0.825000 0.241667 0.104726
0.825000 0.258333 0.099381
0.825000 0.275000 0.093764
0.825000 0.291667 0.087890
0.825000 0.308333 0.081775
0.825000 0.325000 0.075436
0.825000 0.341667 0.068890
0.825000 0.358333 0.062155
0.825000 0.375000 0.055250
0.825000 0.391667 0.048193
0.825000 0.408333 0.041005
0.825000 0.425000 0.033704
0.825000 0.441667 0.026310
0.825000 0.458333 0.018845
0.825000 0.475000 0.011328
0.825000 0.491667 0.003779
0.835000 0.008333 0.137728
0.835000 0.025000 0.137350
0.835000 0.041667 0.136596
0.835000 0.058333 0.135468
0.835000 0.075000 0.133968
0.835000 0.091667 0.132101
0.835000 0.108333 0.129872
0.835000 0.125000 0.127288
0.835000 0.141667 0.124354
0.835000 0.158333 0.121079
0.835000 0.175000 0.117472
0.835000 0.191667 0.113544
0.835000 0.208333 0.109304
0.835000 0.225000 0.104765
0.835000 0.241667 0.099938
0.835000 0.258333 0.094838
0.835000 0.275000 0.089478
0.835000 0.291667 0.083872
0.835000 0.308333 0.078037
0.835000 0.325000 0.071987
0.835000 0.341667 0.065741
0.835000 0.358333 0.059314
0.835000 0.375000 0.052724
0.835000 0.391667 0.045990
0.835000 0.408333 0.039130
0.835000 0.425000 0.032163
0.835000 0.441667 0.025107
0.835000 0.458333 0.017983
0.835000 0.475000 0.010810
0.835000 0.491667 0.003607
0.845000 0.008333 0.130930
0.845000 0.025000 0.130571
0.845000 0.041667 0.129854
0.845000 0.058333 0.128782
0.845000 0.075000 0.127356
0.845000 0.091667 0.125581
0.845000 0.108333 0.123462
0.845000 0.125000 0.121005
0.845000 0.141667 0.118216
0.845000 0.158333 0.115103
0.845000 0.175000 0.111675
0.845000 0.191667 0.107940
0.845000 0.208333 0.103909
0.845000 0.225000 0.099594
0.845000 0.241667 0.095006
0.845000 0.258333 0.090157
0.845000 0.275000 0.085061
0.845000 0.291667 0.079733
0.845000 0.308333 0.074185
0.845000 0.325000 0.068434
0.845000 0.341667 0.062496
0.845000 0.358333 0.056386
0.845000 0.375000 0.050122
0.845000 0.391667 0.043720
0.845000 0.408333 0.037199
0.845000 0.425000 0.030576
0.845000 0.441667 0.023868
0.845000 0.458333 0.017096
0.845000 0.475000 0.010276
0.845000 0.491667 0.003429
0.855000 0.008333 0.123933
0.855000 0.025000 0.123593
0.855000 0.041667 0.122914
0.855000 0.058333 0.121899
0.855000 0.075000 0.120550
0.855000 0.091667 0.118870
0.855000 0.108333 0.116864
0.855000 0.125000 0.114538
0.855000 0.141667 0.111898
0.855000 0.158333 0.108951
0.855000 0.175000 0.105706
0.855000 0.191667 0.102171
0.855000 0.208333 0.098356
0.855000 0.225000 0.094271
0.855000 0.241667 0.089928
0.855000 0.258333 0.085339
0.855000 0.275000 0.080515
0.855000 0.291667 0.075471
0.855000 0.308333 0.070220
0.855000 0.325000 0.064777
0.855000 0.341667 0.059156
0.855000 0.358333 0.053373
0.855000 0.375000 0.047443
0.855000 0.391667 0.041384
0.855000 0.408333 0.035211
0.855000 0.425000 0.028941
0.855000 0.441667 0.022593
0.855000 0.458333 0.016182
0.855000 0.475000 0.009727
0.855000 0.491667 0.003245
0.865000 0.008333 0.116735
0.865000 0.025000 0.116415
0.865000 0.041667 0.115776
0.865000 0.058333 0.114820
0.865000 0.075000 0.113548
0.865000 0.091667 0.111966
0.865000 0.108333 0.110077
0.865000 0.125000 0.107886
0.865000 0.141667 0.105399
0.865000 0.158333 0.102624
0.865000 0.175000 0.099567
0.865000 0.191667 0.096237
0.865000 0.208333 0.092644
0.865000 0.225000 0.088796
0.865000 0.241667 0.084706
0.865000 0.258333 0.080383
0.865000 0.275000 0.075839
0.865000 0.291667 0.071088
0.865000 0.308333 0.066142
0.865000 0.325000 0.061015
0.865000 0.341667 0.055720
0.865000 0.358333 0.050273
0.865000 0.375000 0.044688
0.865000 0.391667 0.038980
0.865000 0.408333 0.033166
0.865000 0.425000 0.027261
0.865000 0.441667 0.021281
0.865000 0.458333 0.015242
0.865000 0.475000 0.009162
0.865000 0.491667 0.003057
0.875000 0.008333 0.109338
0.875000 0.025000 0.109038
0.875000 0.041667 0.108439
0.875000 0.058333 0.107544
0.875000 0.075000 0.106353
0.875000 0.091667 0.104871
0.875000 0.108333 0.103101
0.875000 0.125000 0.101049
0.875000 0.141667 0.098720
0.875000 0.158333 0.096121
0.875000 0.175000 0.093258
0.875000 0.191667 0.090139
0.875000 0.208333 0.086773
0.875000 0.225000 0.083169
0.875000 0.241667 0.079338
0.875000 0.258333 0.075289
0.875000 0.275000 0.071033
0.875000 0.291667 0.066583
0.875000 0.308333 0.061951
0.875000 0.325000 0.057148
0.875000 0.341667 0.052189
0.875000 0.358333 0.047087
0.875000 0.375000 0.041856
0.875000 0.391667 0.036510
0.875000 0.408333 0.031064
0.875000 0.425000 0.025533
0.875000 0.441667 0.019932
0.875000 0.458333 0.014276
0.875000 0.475000 0.008581
0.875000 0.491667 0.002863
0.885000 0.008333 0.101740
0.885000 0.025000 0.101461
0.885000 0.041667 0.100904
0.885000 0.058333 0.100071
0.885000 0.075000 0.098963
0.885000 0.091667 0.097584
0.885000 0.108333 0.095937
0.885000 0.125000 0.094028
0.885000 0.141667 0.091861
0.885000 0.158333 0.089442
0.885000 0.175000 0.086777
0.885000 0.191667 0.083875
0.885000 0.208333 0.080744
0.885000 0.225000 0.077390
0.885000 0.241667 0.073825
0.885000 0.258333 0.070057
0.885000 0.275000 0.066098
0.885000 0.291667 0.061957
0.885000 0.308333 0.057646
0.885000 0.325000 0.053177
0.885000 0.341667 0.048563
0.885000 0.358333 0.043815
0.885000 0.375000 0.038948
0.885000 0.391667 0.033973
0.885000 0.408333 0.028906
0.885000 0.425000 0.023759
0.885000 0.441667 0.018547
0.885000 0.458333 0.013284
0.885000 0.475000 0.007985
0.885000 0.491667 0.002664
0.895000 0.008333 0.093943
0.895000 0.025000 0.093685
0.895000 0.041667 0.093171
0.895000 0.058333 0.092401
0.895000 0.075000 0.091378
0.895000 0.091667 0.090105
0.895000 0.108333 0.088585
0.895000 0.125000 0.086822
0.895000 0.141667 0.084820
0.895000 0.158333 0.082587
0.895000 0.175000 0.080127
0.895000 0.191667 0.077447
0.895000 0.208333 0.074555
0.895000 0.225000 0.071459
0.895000 0.241667 0.068167
0.895000 0.258333 0.064688
0.895000 0.275000 0.061032
0.895000 0.291667 0.057208
0.895000 0.308333 0.053228
0.895000 0.325000 0.049102
0.895000 0.341667 0.044841
0.895000 0.358333 0.040457
0.895000 0.375000 0.035963
0.895000 0.391667 0.031369
0.895000 0.408333 0.026690
0.895000 0.425000 0.021938
0.895000 0.441667 0.017126
0.895000 0.458333 0.012266
0.895000 0.475000 0.007373
0.895000 0.491667 0.002460
0.905000 0.008333 0.085946
0.905000 0.025000 0.085710
0.905000 0.041667 0.085239
0.905000 0.058333 0.084535
0.905000 0.075000 0.083600
0.905000 0.091667 0.082435
0.905000 0.108333 0.081044
0.905000 0.125000 0.079431
0.905000 0.141667 0.077600
0.905000 0.158333 0.075556
0.905000 0.175000 0.073306
0.905000 0.191667 0.070854
0.905000 0.208333 0.068209
0.905000 0.225000 0.065376
0.905000 0.241667 0.062364
0.905000 0.258333 0.059181
0.905000 0.275000 0.055836
0.905000 0.291667 0.052338
0.905000 0.308333 0.048697
0.905000 0.325000 0.044922
0.905000 0.341667 0.041024
0.905000 0.358333 0.037013
0.905000 0.375000 0.032901
0.905000 0.391667 0.028699
0.905000 0.408333 0.024418
0.905000 0.425000 0.020070
0.905000 0.441667 0.015668
0.905000 0.458333 0.011222
0.905000 0.475000 0.006746
0.905000 0.491667 0.002251
0.915000 0.008333 0.077748
0.915000 0.025000 0.077535
0.915000 0.041667 0.077110
0.915000 0.058333 0.076473
0.915000 0.075000 0.075626
0.915000 0.091667 0.074572
0.915000 0.108333 0.073314
0.915000 0.125000 0.071855
0.915000 0.141667 0.070199
0.915000 0.158333 0.068350
0.915000 0.175000 0.066314
0.915000 0.191667 0.064096
0.915000 0.208333 0.061703
0.915000 0.225000 0.059141
0.915000 0.241667 0.056416
0.915000 0.258333 0.053537
0.915000 0.275000 0.050511
0.915000 0.291667 0.047346
0.915000 0.308333 0.044052
0.915000 0.325000 0.040637
0.915000 0.341667 0.037111
0.915000 0.358333 0.033483
0.915000 0.375000 0.029763
0.915000 0.391667 0.025962
0.915000 0.408333 0.022089
0.915000 0.425000 0.018156
0.915000 0.441667 0.014173
0.915000 0.458333 0.010152
0.915000 0.475000 0.006102
0.915000 0.491667 0.002036
0.925000 0.008333 0.069351
0.925000 0.025000 0.069161
0.925000 0.041667 0.068781
0.925000 0.058333 0.068213
0.925000 0.075000 0.067458
0.925000 0.091667 0.066518
0.925000 0.108333 0.065396
0.925000 0.125000 0.064094
0.925000 0.141667 0.062617
0.925000 0.158333 0.060968
0.925000 0.175000 0.059152
0.925000 0.191667 0.057174
0.925000 0.208333 0.055039
0.925000 0.225000 0.052753
0.925000 0.241667 0.050323
0.925000 0.258333 0.047755
0.925000 0.275000 0.045055
0.925000 0.291667 0.042233
0.925000 0.308333 0.039294
0.925000 0.325000 0.036248
0.925000 0.341667 0.033103
0.925000 0.358333 0.029867
0.925000 0.375000 0.026549
0.925000 0.391667 0.023158
0.925000 0.408333 0.019704
0.925000 0.425000 0.016195
0.925000 0.441667 0.012643
0.925000 0.458333 0.009055
0.925000 0.475000 0.005443
0.925000 0.491667 0.001816
0.935000 0.008333 0.060754
0.935000 0.025000 0.060588
0.935000 0.041667 0.060255
0.935000 0.058333 0.059757
0.935000 0.075000 0.059096
0.935000 0.091667 0.058272
0.935000 0.108333 0.057289
0.935000 0.125000 0.056149
0.935000 0.141667 0.054855
0.935000 0.158333 0.053410
0.935000 0.175000 0.051819
0.935000 0.191667 0.050086
0.935000 0.208333 0.048216
0.935000 0.225000 0.046214
0.935000 0.241667 0.044085
0.935000 0.258333 0.041835
0.935000 0.275000 0.039470
0.935000 0.291667 0.036997
0.935000 0.308333 0.034423
0.935000 0.325000 0.031755
0.935000 0.341667 0.028999
0.935000 0.358333 0.026164
0.935000 0.375000 0.023258
0.935000 0.391667 0.020287
0.935000 0.408333 0.017261
0.935000 0.425000 0.014188
0.935000 0.441667 0.011075
0.935000 0.458333 0.007933
0.935000 0.475000 0.004768
0.935000 0.491667 0.001591
0.945000 0.008333 0.051957
0.945000 0.025000 0.051815
0.945000 0.041667 0.051530
0.945000 0.058333 0.051105
0.945000 0.075000 0.050539
0.945000 0.091667 0.049835
0.945000 0.108333 0.048994
0.945000 0.125000 0.048019
0.945000 0.141667 0.046912
0.945000 0.158333 0.045677
0.945000 0.175000 0.044316
0.945000 0.191667 0.042834
0.945000 0.208333 0.041235
0.945000 0.225000 0.039522
0.945000 0.241667 0.037701
0.945000 0.258333 0.035777
0.945000 0.275000 0.033755
0.945000 0.291667 0.031640
0.945000 0.308333 0.029439
0.945000 0.325000 0.027157
0.945000 0.341667 0.024800
0.945000 0.358333 0.022376
0.945000 0.375000 0.019890
0.945000 0.391667 0.017350
0.945000 0.408333 0.014762
0.945000 0.425000 0.012133
0.945000 0.441667 0.009472
0.945000 0.458333 0.006784
0.945000 0.475000 0.004078
0.945000 0.491667 0.001361
0.955000 0.008333 0.042960
0.955000 0.025000 0.042843
0.955000 0.041667 0.042607
0.955000 0.058333 0.042255
0.955000 0.075000 0.041788
0.955000 0.091667 0.041205
0.955000 0.108333 0.040510
0.955000 0.125000 0.039704
0.955000 0.141667 0.038789
0.955000 0.158333 0.037767
0.955000 0.175000 0.036642
0.955000 0.191667 0.035417
0.955000 0.208333 0.034094
0.955000 0.225000 0.032678
0.955000 0.241667 0.031173
0.955000 0.258333 0.029582
0.955000 0.275000 0.027910
0.955000 0.291667 0.026162
0.955000 0.308333 0.024341
0.955000 0.325000 0.022454
0.955000 0.341667 0.020506
0.955000 0.358333 0.018501
0.955000 0.375000 0.016446
0.955000 0.391667 0.014345
0.955000 0.408333 0.012206
0.955000 0.425000 0.010032
0.955000 0.441667 0.007832
0.955000 0.458333 0.005609
0.955000 0.475000 0.003372
0.955000 0.491667 0.001125
0.965000 0.008333 0.033763
0.965000 0.025000 0.033671
0.965000 0.041667 0.033486
0.965000 0.058333 0.033209
0.965000 0.075000 0.032842
0.965000 0.091667 0.032384
0.965000 0.108333 0.031838
0.965000 0.125000 0.031204
0.965000 0.141667 0.030485
0.965000 0.158333 0.029682
0.965000 0.175000 0.028798
0.965000 0.191667 0.027835
0.965000 0.208333 0.026796
0.965000 0.225000 0.025683
0.965000 0.241667 0.024500
0.965000 0.258333 0.023249
0.965000 0.275000 0.021935
0.965000 0.291667 0.020561
0.965000 0.308333 0.019130
0.965000 0.325000 0.017647
0.965000 0.341667 0.016116
0.965000 0.358333 0.014541
0.965000 0.375000 0.012925
0.965000 0.391667 0.011274
0.965000 0.408333 0.009593
0.965000 0.425000 0.007885
0.965000 0.441667 0.006155
0.965000 0.458333 0.004409
0.965000 0.475000 0.002650
0.965000 0.491667 0.000884
0.975000 0.008333 0.024367
0.975000 0.025000 0.024300
0.975000 0.041667 0.024166
0.975000 0.058333 0.023967
0.975000 0.075000 0.023702
0.975000 0.091667 0.023371
0.975000 0.108333 0.022977
0.975000 0.125000 0.022520
0.975000 0.141667 0.022001
0.975000 0.158333 0.021421
0.975000 0.175000 0.020783
0.975000 0.191667 0.020088
0.975000 0.208333 0.019338
0.975000 0.225000 0.018535
0.975000 0.241667 0.017681
0.975000 0.258333 0.016779
0.975000 0.275000 0.015830
0.975000 0.291667 0.014839
0.975000 0.308333 0.013806
0.975000 0.325000 0.012736
0.975000 0.341667 0.011631
0.975000 0.358333 0.010494
0.975000 0.375000 0.009328
0.975000 0.391667 0.008137
0.975000 0.408333 0.006923
0.975000 0.425000 0.005690
0.975000 0.441667 0.004442
0.975000 0.458333 0.003182
0.975000 0.475000 0.001912
0.975000 0.491667 0.000638
0.985000 0.008333 0.014770
0.985000 0.025000 0.014729
0.985000 0.041667 0.014649
0.985000 0.058333 0.014528
0.985000 0.075000 0.014367
0.985000 0.091667 0.014167
0.985000 0.108333 0.013928
0.985000 0.125000 0.013650
0.985000 0.141667 0.013336
0.985000 0.158333 0.012985
0.985000 0.175000 0.012598
0.985000 0.191667 0.012176
0.985000 0.208333 0.011722
0.985000 0.225000 0.011235
0.985000 0.241667 0.010717
0.985000 0.258333 0.010170
0.985000 0.275000 0.009596
0.985000 0.291667 0.008994
0.985000 0.308333 0.008369
0.985000 0.325000 0.007720
0.985000 0.341667 0.007050
0.985000 0.358333 0.006361
0.985000 0.375000 0.005654
0.985000 0.391667 0.004932
0.985000 0.408333 0.004196
0.985000 0.425000 0.003449
0.985000 0.441667 0.002693
0.985000 0.458333 0.001929
0.985000 0.475000 0.001159
0.985000 0.491667 0.000387
0.995000 0.008333 0.004973
0.995000 0.025000 0.004960
0.995000 0.041667 0.004932
0.995000 0.058333 0.004892
0.995000 0.075000 0.004838
0.995000 0.091667 0.004770
0.995000 0.108333 0.004690
0.995000 0.125000 0.004596
0.995000 0.141667 0.004490
0.995000 0.158333 0.004372
0.995000 0.175000 0.004242
0.995000 0.191667 0.004100
0.995000 0.208333 0.003947
0.995000 0.225000 0.003783
0.995000 0.241667 0.003609
0.995000 0.258333 0.003425
0.995000 0.275000 0.003231
0.995000 0.291667 0.003029
0.995000 0.308333 0.002818
0.995000 0.325000 0.002599
0.995000 0.341667 0.002374
0.995000 0.358333 0.002142
0.995000 0.375000 0.001904
0.995000 0.391667 0.001661
0.995000 0.408333 0.001413
0.995000 0.425000 0.001161
0.995000 0.441667 0.000907
0.995000 0.458333 0.000649
0.995000 0.475000 0.000390
0.995000 0.491667 0.000130
