0.005000 0.008333 0.004999
0.005000 0.025000 0.004986
0.005000 0.041667 0.004958
0.005000 0.058333 0.004917
0.005000 0.075000 0.004863
0.005000 0.091667 0.004795
0.005000 0.108333 0.004714
0.005000 0.125000 0.004620
0.005000 0.141667 0.004514
0.005000 0.158333 0.004395
0.005000 0.175000 0.004264
0.005000 0.191667 0.004122
0.005000 0.208333 0.003968
0.005000 0.225000 0.003803
0.005000 0.241667 0.003628
0.005000 0.258333 0.003443
0.005000 0.275000 0.003248
0.005000 0.291667 0.003044
0.005000 0.308333 0.002833
0.005000 0.325000 0.002613
0.005000 0.341667 0.002386
0.005000 0.358333 0.002153
0.005000 0.375000 0.001914
0.005000 0.391667 0.001669
0.005000 0.408333 0.001420
0.005000 0.425000 0.001167
0.005000 0.441667 0.000911
0.005000 0.458333 0.000653
0.005000 0.475000 0.000392
0.005000 0.491667 0.000131
0.015000 0.008333 0.014798
0.015000 0.025000 0.014758
0.015000 0.041667 0.014677
0.015000 0.058333 0.014555
0.015000 0.075000 0.014394
0.015000 0.091667 0.014194
0.015000 0.108333 0.013954
0.015000 0.125000 0.013676
0.015000 0.141667 0.013361
0.015000 0.158333 0.013009
0.015000 0.175000 0.012622
0.015000 0.191667 0.012200
0.015000 0.208333 0.011744
0.015000 0.225000 0.011256
0.015000 0.241667 0.010738
0.015000 0.258333 0.010190
0.015000 0.275000 0.009614
0.015000 0.291667 0.009012
0.015000 0.308333 0.008385
0.015000 0.325000 0.007735
0.015000 0.341667 0.007064
0.015000 0.358333 0.006373
0.015000 0.375000 0.005665
0.015000 0.391667 0.004941
0.015000 0.408333 0.004204
0.015000 0.425000 0.003456
0.015000 0.441667 0.002698
0.015000 0.458333 0.001932
0.015000 0.475000 0.001161
0.015000 0.491667 0.000388
0.025000 0.008333 0.024397
0.025000 0.025000 0.024330
0.025000 0.041667 0.024197
0.025000 0.058333 0.023997
0.025000 0.075000 0.023731
0.025000 0.091667 0.023400
0.025000 0.108333 0.023006
0.025000 0.125000 0.022548
0.025000 0.141667 0.022028
0.025000 0.158333 0.021448
0.025000 0.175000 0.020809
0.025000 0.191667 0.020113
0.025000 0.208333 0.019362
0.025000 0.225000 0.018558
0.025000 0.241667 0.017703
0.025000 0.258333 0.016800
0.025000 0.275000 0.015850
0.025000 0.291667 0.014857
0.025000 0.308333 0.013823
0.025000 0.325000 0.012752
0.025000 0.341667 0.011645
0.025000 0.358333 0.010507
0.025000 0.375000 0.009340
0.025000 0.391667 0.008147
0.025000 0.408333 0.006932
0.025000 0.425000 0.005697
0.025000 0.441667 0.004448
0.025000 0.458333 0.003186
0.025000 0.475000 0.001915
0.025000 0.491667 0.000639
0.035000 0.008333 0.033796
0.035000 0.025000 0.033703
0.035000 0.041667 0.033518
0.035000 0.058333 0.033242
0.035000 0.075000 0.032874
0.035000 0.091667 0.032415
0.035000 0.108333 0.031868
0.035000 0.125000 0.031234
0.035000 0.141667 0.030514
0.035000 0.158333 0.029711
0.035000 0.175000 0.028826
0.035000 0.191667 0.027862
0.035000 0.208333 0.026821
0.035000 0.225000 0.025708
0.035000 0.241667 0.024523
0.035000 0.258333 0.023272
0.035000 0.275000 0.021956
0.035000 0.291667 0.020581
0.035000 0.308333 0.019149
0.035000 0.325000 0.017664
0.035000 0.341667 0.016132
0.035000 0.358333 0.014555
0.035000 0.375000 0.012938
0.035000 0.391667 0.011285
0.035000 0.408333 0.009602
0.035000 0.425000 0.007892
0.035000 0.441667 0.006161
0.035000 0.458333 0.004413
0.035000 0.475000 0.002653
0.035000 0.491667 0.000885
0.045000 0.008333 0.042995
0.045000 0.025000 0.042877
0.045000 0.041667 0.042642
0.045000 0.058333 0.042290
0.045000 0.075000 0.041821
0.045000 0.091667 0.041239
0.045000 0.108333 0.040543
0.045000 0.125000 0.039736
0.045000 0.141667 0.038820
0.045000 0.158333 0.037798
0.045000 0.175000 0.036672
0.045000 0.191667 0.035445
0.045000 0.208333 0.034122
0.045000 0.225000 0.032705
0.045000 0.241667 0.031198
0.045000 0.258333 0.029606
0.045000 0.275000 0.027933
0.045000 0.291667 0.026183
0.045000 0.308333 0.024361
0.045000 0.325000 0.022473
0.045000 0.341667 0.020523
0.045000 0.358333 0.018516
0.045000 0.375000 0.016459
0.045000 0.391667 0.014357
0.045000 0.408333 0.012215
0.045000 0.425000 0.010040
0.045000 0.441667 0.007838
0.045000 0.458333 0.005614
0.045000 0.475000 0.003375
0.045000 0.491667 0.001126
0.055000 0.008333 0.051994
0.055000 0.025000 0.051852
0.055000 0.041667 0.051567
0.055000 0.058333 0.051141
0.055000 0.075000 0.050575
0.055000 0.091667 0.049870
0.055000 0.108333 0.049029
0.055000 0.125000 0.048053
0.055000 0.141667 0.046945
0.055000 0.158333 0.045709
0.055000 0.175000 0.044347
0.055000 0.191667 0.042864
0.055000 0.208333 0.041264
0.055000 0.225000 0.039550
0.055000 0.241667 0.037728
0.055000 0.258333 0.035803
0.055000 0.275000 0.033779
0.055000 0.291667 0.031663
0.055000 0.308333 0.029460
0.055000 0.325000 0.027176
0.055000 0.341667 0.024818
0.055000 0.358333 0.022392
0.055000 0.375000 0.019904
0.055000 0.391667 0.017362
0.055000 0.408333 0.014772
0.055000 0.425000 0.012142
0.055000 0.441667 0.009478
0.055000 0.458333 0.006789
0.055000 0.475000 0.004081
0.055000 0.491667 0.001362
0.065000 0.008333 0.060793
0.065000 0.025000 0.060627
0.065000 0.041667 0.060294
0.065000 0.058333 0.059796
0.065000 0.075000 0.059134
0.065000 0.091667 0.058310
0.065000 0.108333 0.057326
0.065000 0.125000 0.056185
0.065000 0.141667 0.054890
0.065000 0.158333 0.053444
0.065000 0.175000 0.051853
0.065000 0.191667 0.050118
0.065000 0.208333 0.048247
0.065000 0.225000 0.046243
0.065000 0.241667 0.044113
0.065000 0.258333 0.041862
0.065000 0.275000 0.039496
0.065000 0.291667 0.037021
0.065000 0.308333 0.034445
0.065000 0.325000 0.031775
0.065000 0.341667 0.029018
0.065000 0.358333 0.026181
0.065000 0.375000 0.023273
0.065000 0.391667 0.020300
0.065000 0.408333 0.017272
0.065000 0.425000 0.014197
0.065000 0.441667 0.011082
0.065000 0.458333 0.007938
0.065000 0.475000 0.004771
0.065000 0.491667 0.001592
0.075000 0.008333 0.069392
0.075000 0.025000 0.069202
0.075000 0.041667 0.068822
0.075000 0.058333 0.068254
0.075000 0.075000 0.067498
0.075000 0.091667 0.066558
0.075000 0.108333 0.065435
0.075000 0.125000 0.064132
0.075000 0.141667 0.062654
0.075000 0.158333 0.061004
0.075000 0.175000 0.059187
0.075000 0.191667 0.057208
0.075000 0.208333 0.055072
0.075000 0.225000 0.052785
0.075000 0.241667 0.050353
0.075000 0.258333 0.047783
0.075000 0.275000 0.045082
0.075000 0.291667 0.042258
0.075000 0.308333 0.039318
0.075000 0.325000 0.036270
0.075000 0.341667 0.033123
0.075000 0.358333 0.029884
0.075000 0.375000 0.026564
0.075000 0.391667 0.023172
0.075000 0.408333 0.019715
0.075000 0.425000 0.016205
0.075000 0.441667 0.012650
0.075000 0.458333 0.009061
0.075000 0.475000 0.005446
0.075000 0.491667 0.001817
0.085000 0.008333 0.077792
0.085000 0.025000 0.077578
0.085000 0.041667 0.077153
0.085000 0.058333 0.076515
0.085000 0.075000 0.075668
0.085000 0.091667 0.074614
0.085000 0.108333 0.073355
0.085000 0.125000 0.071895
0.085000 0.141667 0.070238
0.085000 0.158333 0.068388
0.085000 0.175000 0.066351
0.085000 0.191667 0.064132
0.085000 0.208333 0.061737
0.085000 0.225000 0.059174
0.085000 0.241667 0.056447
0.085000 0.258333 0.053567
0.085000 0.275000 0.050539
0.085000 0.291667 0.047373
0.085000 0.308333 0.044077
0.085000 0.325000 0.040660
0.085000 0.341667 0.037132
0.085000 0.358333 0.033502
0.085000 0.375000 0.029780
0.085000 0.391667 0.025976
0.085000 0.408333 0.022102
0.085000 0.425000 0.018166
0.085000 0.441667 0.014181
0.085000 0.458333 0.010157
0.085000 0.475000 0.006106
0.085000 0.491667 0.002037
0.095000 0.008333 0.085991
0.095000 0.025000 0.085755
0.095000 0.041667 0.085285
0.095000 0.058333 0.084580
0.095000 0.075000 0.083644
0.095000 0.091667 0.082478
0.095000 0.108333 0.081086
0.095000 0.125000 0.079473
0.095000 0.141667 0.077641
0.095000 0.158333 0.075596
0.095000 0.175000 0.073344
0.095000 0.191667 0.070892
0.095000 0.208333 0.068245
0.095000 0.225000 0.065410
0.095000 0.241667 0.062397
0.095000 0.258333 0.059213
0.095000 0.275000 0.055866
0.095000 0.291667 0.052366
0.095000 0.308333 0.048723
0.095000 0.325000 0.044946
0.095000 0.341667 0.041045
0.095000 0.358333 0.037033
0.095000 0.375000 0.032919
0.095000 0.391667 0.028714
0.095000 0.408333 0.024431
0.095000 0.425000 0.020081
0.095000 0.441667 0.015676
0.095000 0.458333 0.011228
0.095000 0.475000 0.006749
0.095000 0.491667 0.002252
0.105000 0.008333 0.093990
0.105000 0.025000 0.093733
0.105000 0.041667 0.093218
0.105000 0.058333 0.092448
0.105000 0.075000 0.091425
0.105000 0.091667 0.090151
0.105000 0.108333 0.088630
0.105000 0.125000 0.086865
0.105000 0.141667 0.084863
0.105000 0.158333 0.082629
0.105000 0.175000 0.080167
0.105000 0.191667 0.077486
0.105000 0.208333 0.074593
0.105000 0.225000 0.071495
0.105000 0.241667 0.068202
0.105000 0.258333 0.064721
0.105000 0.275000 0.061063
0.105000 0.291667 0.057237
0.105000 0.308333 0.053255
0.105000 0.325000 0.049127
0.105000 0.341667 0.044864
0.105000 0.358333 0.040478
0.105000 0.375000 0.035981
0.105000 0.391667 0.031385
0.105000 0.408333 0.026704
0.105000 0.425000 0.021949
0.105000 0.441667 0.017134
0.105000 0.458333 0.012272
0.105000 0.475000 0.007377
0.105000 0.491667 0.002461
0.115000 0.008333 0.101790
0.115000 0.025000 0.101511
0.115000 0.041667 0.100953
0.115000 0.058333 0.100120
0.115000 0.075000 0.099011
0.115000 0.091667 0.097631
0.115000 0.108333 0.095984
0.115000 0.125000 0.094074
0.115000 0.141667 0.091905
0.115000 0.158333 0.089485
0.115000 0.175000 0.086820
0.115000 0.191667 0.083916
0.115000 0.208333 0.080783
0.115000 0.225000 0.077428
0.115000 0.241667 0.073861
0.115000 0.258333 0.070091
0.115000 0.275000 0.066130
0.115000 0.291667 0.061987
0.115000 0.308333 0.057674
0.115000 0.325000 0.053203
0.115000 0.341667 0.048586
0.115000 0.358333 0.043837
0.115000 0.375000 0.038967
0.115000 0.391667 0.033990
0.115000 0.408333 0.028920
0.115000 0.425000 0.023770
0.115000 0.441667 0.018556
0.115000 0.458333 0.013291
0.115000 0.475000 0.007989
0.115000 0.491667 0.002665
0.125000 0.008333 0.109389
0.125000 0.025000 0.109089
0.125000 0.041667 0.108490
0.125000 0.058333 0.107594
0.125000 0.075000 0.106403
0.125000 0.091667 0.104920
0.125000 0.108333 0.103150
0.125000 0.125000 0.101097
0.125000 0.141667 0.098767
0.125000 0.158333 0.096166
0.125000 0.175000 0.093302
0.125000 0.191667 0.090181
0.125000 0.208333 0.086814
0.125000 0.225000 0.083209
0.125000 0.241667 0.079375
0.125000 0.258333 0.075324
0.125000 0.275000 0.071067
0.125000 0.291667 0.066615
0.125000 0.308333 0.061980
0.125000 0.325000 0.057175
0.125000 0.341667 0.052214
0.125000 0.358333 0.047109
0.125000 0.375000 0.041876
0.125000 0.391667 0.036527
0.125000 0.408333 0.031079
0.125000 0.425000 0.025545
0.125000 0.441667 0.019941
0.125000 0.458333 0.014283
0.125000 0.475000 0.008586
0.125000 0.491667 0.002864
0.135000 0.008333 0.116789
0.135000 0.025000 0.116468
0.135000 0.041667 0.115829
0.135000 0.058333 0.114872
0.135000 0.075000 0.113601
0.135000 0.091667 0.112018
0.135000 0.108333 0.110128
0.135000 0.125000 0.107936
0.135000 0.141667 0.105448
0.135000 0.158333 0.102671
0.135000 0.175000 0.099613
0.135000 0.191667 0.096282
0.135000 0.208333 0.092686
0.135000 0.225000 0.088837
0.135000 0.241667 0.084744
0.135000 0.258333 0.080420
0.135000 0.275000 0.075874
0.135000 0.291667 0.071121
0.135000 0.308333 0.066172
0.135000 0.325000 0.061043
0.135000 0.341667 0.055746
0.135000 0.358333 0.050296
0.135000 0.375000 0.044708
0.135000 0.391667 0.038998
0.135000 0.408333 0.033181
0.135000 0.425000 0.027273
0.135000 0.441667 0.021290
0.135000 0.458333 0.015249
0.135000 0.475000 0.009166
0.135000 0.491667 0.003058
0.145000 0.008333 0.123988
0.145000 0.025000 0.123648
0.145000 0.041667 0.122969
0.145000 0.058333 0.121954
0.145000 0.075000 0.120604
0.145000 0.091667 0.118923
0.145000 0.108333 0.116916
0.145000 0.125000 0.114589
0.145000 0.141667 0.111948
0.145000 0.158333 0.109000
0.145000 0.175000 0.105753
0.145000 0.191667 0.102217
0.145000 0.208333 0.098400
0.145000 0.225000 0.094314
0.145000 0.241667 0.089969
0.145000 0.258333 0.085377
0.145000 0.275000 0.080551
0.145000 0.291667 0.075505
0.145000 0.308333 0.070252
0.145000 0.325000 0.064806
0.145000 0.341667 0.059182
0.145000 0.358333 0.053397
0.145000 0.375000 0.047464
0.145000 0.391667 0.041402
0.145000 0.408333 0.035227
0.145000 0.425000 0.028954
0.145000 0.441667 0.022603
0.145000 0.458333 0.016189
0.145000 0.475000 0.009731
0.145000 0.491667 0.003247
0.155000 0.008333 0.130988
0.155000 0.025000 0.130629
0.155000 0.041667 0.129912
0.155000 0.058333 0.128838
0.155000 0.075000 0.127412
0.155000 0.091667 0.125637
0.155000 0.108333 0.123517
0.155000 0.125000 0.121058
0.155000 0.141667 0.118268
0.155000 0.158333 0.115154
0.155000 0.175000 0.111724
0.155000 0.191667 0.107987
0.155000 0.208333 0.103955
0.155000 0.225000 0.099638
0.155000 0.241667 0.095048
0.155000 0.258333 0.090197
0.155000 0.275000 0.085099
0.155000 0.291667 0.079768
0.155000 0.308333 0.074218
0.155000 0.325000 0.068464
0.155000 0.341667 0.062523
0.155000 0.358333 0.056411
0.155000 0.375000 0.050144
0.155000 0.391667 0.043740
0.155000 0.408333 0.037215
0.155000 0.425000 0.030589
0.155000 0.441667 0.023879
0.155000 0.458333 0.017103
0.155000 0.475000 0.010281
0.155000 0.491667 0.003430
0.165000 0.008333 0.137787
0.165000 0.025000 0.137410
0.165000 0.041667 0.136655
0.165000 0.058333 0.135526
0.165000 0.075000 0.134026
0.165000 0.091667 0.132158
0.165000 0.108333 0.129928
0.165000 0.125000 0.127342
0.165000 0.141667 0.124407
0.165000 0.158333 0.121131
0.165000 0.175000 0.117523
0.165000 0.191667 0.113593
0.165000 0.208333 0.109351
0.165000 0.225000 0.104810
0.165000 0.241667 0.099982
0.165000 0.258333 0.094879
0.165000 0.275000 0.089516
0.165000 0.291667 0.083908
0.165000 0.308333 0.078070
0.165000 0.325000 0.072018
0.165000 0.341667 0.065769
0.165000 0.358333 0.059339
0.165000 0.375000 0.052747
0.165000 0.391667 0.046010
0.165000 0.408333 0.039147
0.165000 0.425000 0.032177
0.165000 0.441667 0.025118
0.165000 0.458333 0.017991
0.165000 0.475000 0.010814
0.165000 0.491667 0.003608
0.175000 0.008333 0.144387
0.175000 0.025000 0.143991
0.175000 0.041667 0.143201
0.175000 0.058333 0.142018
0.175000 0.075000 0.140446
0.175000 0.091667 0.138488
0.175000 0.108333 0.136152
0.175000 0.125000 0.133442
0.175000 0.141667 0.130366
0.175000 0.158333 0.126933
0.175000 0.175000 0.123152
0.175000 0.191667 0.119034
0.175000 0.208333 0.114589
0.175000 0.225000 0.109830
0.175000 0.241667 0.104770
0.175000 0.258333 0.099423
0.175000 0.275000 0.093804
0.175000 0.291667 0.087927
0.175000 0.308333 0.081810
0.175000 0.325000 0.075468
0.175000 0.341667 0.068919
0.175000 0.358333 0.062181
0.175000 0.375000 0.055273
0.175000 0.391667 0.048214
0.175000 0.408333 0.041022
0.175000 0.425000 0.033718
0.175000 0.441667 0.026321
0.175000 0.458333 0.018853
0.175000 0.475000 0.011332
0.175000 0.491667 0.003781
0.185000 0.008333 0.150787
0.185000 0.025000 0.150373
0.185000 0.041667 0.149548
0.185000 0.058333 0.148312
0.185000 0.075000 0.146671
0.185000 0.091667 0.144627
0.185000 0.108333 0.142186
0.185000 0.125000 0.139356
0.185000 0.141667 0.136144
0.185000 0.158333 0.132559
0.185000 0.175000 0.128611
0.185000 0.191667 0.124310
0.185000 0.208333 0.119668
0.185000 0.225000 0.114698
0.185000 0.241667 0.109414
0.185000 0.258333 0.103830
0.185000 0.275000 0.097962
0.185000 0.291667 0.091825
0.185000 0.308333 0.085436
0.185000 0.325000 0.078813
0.185000 0.341667 0.071974
0.185000 0.358333 0.064938
0.185000 0.375000 0.057723
0.185000 0.391667 0.050351
0.185000 0.408333 0.042840
0.185000 0.425000 0.035213
0.185000 0.441667 0.027488
0.185000 0.458333 0.019688
0.185000 0.475000 0.011835
0.185000 0.491667 0.003948
0.195000 0.008333 0.156986
0.195000 0.025000 0.156556
0.195000 0.041667 0.155697
0.195000 0.058333 0.154410
0.195000 0.075000 0.152701
0.195000 0.091667 0.150573
0.195000 0.108333 0.148032
0.195000 0.125000 0.145086
0.195000 0.141667 0.141742
0.195000 0.158333 0.138010
0.195000 0.175000 0.133899
0.195000 0.191667 0.129421
0.195000 0.208333 0.124588
0.195000 0.225000 0.119414
0.195000 0.241667 0.113913
0.195000 0.258333 0.108099
0.195000 0.275000 0.101989
0.195000 0.291667 0.095600
0.195000 0.308333 0.088949
0.195000 0.325000 0.082053
0.195000 0.341667 0.074933
0.195000 0.358333 0.067608
0.195000 0.375000 0.060097
0.195000 0.391667 0.052421
0.195000 0.408333 0.044602
0.195000 0.425000 0.036660
0.195000 0.441667 0.028618
0.195000 0.458333 0.020498
0.195000 0.475000 0.012321
0.195000 0.491667 0.004111
0.205000 0.008333 0.162986
0.205000 0.025000 0.162539
0.205000 0.041667 0.161647
0.205000 0.058333 0.160312
0.205000 0.075000 0.158537
0.205000 0.091667 0.156328
0.205000 0.108333 0.153690
0.205000 0.125000 0.150631
0.205000 0.141667 0.147159
0.205000 0.158333 0.143284
0.205000 0.175000 0.139016
0.205000 0.191667 0.134367
0.205000 0.208333 0.129350
0.205000 0.225000 0.123978
0.205000 0.241667 0.118266
0.205000 0.258333 0.112231
0.205000 0.275000 0.105887
0.205000 0.291667 0.099254
0.205000 0.308333 0.092348
0.205000 0.325000 0.085189
0.205000 0.341667 0.077797
0.205000 0.358333 0.070191
0.205000 0.375000 0.062393
0.205000 0.391667 0.054425
0.205000 0.408333 0.046306
0.205000 0.425000 0.038061
0.205000 0.441667 0.029712
0.205000 0.458333 0.021281
0.205000 0.475000 0.012792
0.205000 0.491667 0.004268
0.215000 0.008333 0.168786
0.215000 0.025000 0.168323
0.215000 0.041667 0.167399
0.215000 0.058333 0.166016
0.215000 0.075000 0.164178
0.215000 0.091667 0.161891
0.215000 0.108333 0.159159
0.215000 0.125000 0.155991
0.215000 0.141667 0.152396
0.215000 0.158333 0.148383
0.215000 0.175000 0.143963
0.215000 0.191667 0.139148
0.215000 0.208333 0.133953
0.215000 0.225000 0.128390
0.215000 0.241667 0.122475
0.215000 0.258333 0.116224
0.215000 0.275000 0.109655
0.215000 0.291667 0.102786
0.215000 0.308333 0.095634
0.215000 0.325000 0.088221
0.215000 0.341667 0.080565
0.215000 0.358333 0.072689
0.215000 0.375000 0.064614
0.215000 0.391667 0.056361
0.215000 0.408333 0.047954
0.215000 0.425000 0.039416
0.215000 0.441667 0.030769
0.215000 0.458333 0.022039
0.215000 0.475000 0.013247
0.215000 0.491667 0.004420
0.225000 0.008333 0.174386
0.225000 0.025000 0.173908
0.225000 0.041667 0.172953
0.225000 0.058333 0.171524
0.225000 0.075000 0.169625
0.225000 0.091667 0.167262
0.225000 0.108333 0.164439
0.225000 0.125000 0.161166
0.225000 0.141667 0.157452
0.225000 0.158333 0.153306
0.225000 0.175000 0.148739
0.225000 0.191667 0.143765
0.225000 0.208333 0.138397
0.225000 0.225000 0.132649
0.225000 0.241667 0.126538
0.225000 0.258333 0.120080
0.225000 0.275000 0.113293
0.225000 0.291667 0.106196
0.225000 0.308333 0.098807
0.225000 0.325000 0.091147
0.225000 0.341667 0.083238
0.225000 0.358333 0.075101
0.225000 0.375000 0.066757
0.225000 0.391667 0.058231
0.225000 0.408333 0.049545
0.225000 0.425000 0.040723
0.225000 0.441667 0.031790
0.225000 0.458333 0.022770
0.225000 0.475000 0.013687
0.225000 0.491667 0.004566
0.235000 0.008333 0.179785
0.235000 0.025000 0.179293
0.235000 0.041667 0.178308
0.235000 0.058333 0.176835
0.235000 0.075000 0.174878
0.235000 0.091667 0.172441
0.235000 0.108333 0.169531
0.235000 0.125000 0.166157
0.235000 0.141667 0.162327
0.235000 0.158333 0.158053
0.235000 0.175000 0.153345
0.235000 0.191667 0.148217
0.235000 0.208333 0.142682
0.235000 0.225000 0.136757
0.235000 0.241667 0.130456
0.235000 0.258333 0.123799
0.235000 0.275000 0.116801
0.235000 0.291667 0.109484
0.235000 0.308333 0.101867
0.235000 0.325000 0.093970
0.235000 0.341667 0.085816
0.235000 0.358333 0.077426
0.235000 0.375000 0.068825
0.235000 0.391667 0.060034
0.235000 0.408333 0.051079
0.235000 0.425000 0.041984
0.235000 0.441667 0.032775
0.235000 0.458333 0.023475
0.235000 0.475000 0.014111
0.235000 0.491667 0.004708
0.245000 0.008333 0.184985
0.245000 0.025000 0.184478
0.245000 0.041667 0.183466
0.245000 0.058333 0.181950
0.245000 0.075000 0.179936
0.245000 0.091667 0.177428
0.245000 0.108333 0.174435
0.245000 0.125000 0.170963
0.245000 0.141667 0.167022
0.245000 0.158333 0.162624
0.245000 0.175000 0.157780
0.245000 0.191667 0.152503
0.245000 0.208333 0.146809
0.245000 0.225000 0.140712
0.245000 0.241667 0.134230
0.245000 0.258333 0.127379
0.245000 0.275000 0.120180
0.245000 0.291667 0.112651
0.245000 0.308333 0.104813
0.245000 0.325000 0.096688
0.245000 0.341667 0.088298
0.245000 0.358333 0.079666
0.245000 0.375000 0.070815
0.245000 0.391667 0.061771
0.245000 0.408333 0.052557
0.245000 0.425000 0.043199
0.245000 0.441667 0.033722
0.245000 0.458333 0.024154
0.245000 0.475000 0.014519
0.245000 0.491667 0.004844
0.255000 0.008333 0.189985
0.255000 0.025000 0.189464
0.255000 0.041667 0.188424
0.255000 0.058333 0.186868
0.255000 0.075000 0.184799
0.255000 0.091667 0.182224
0.255000 0.108333 0.179149
0.255000 0.125000 0.175584
0.255000 0.141667 0.171537
0.255000 0.158333 0.167019
0.255000 0.175000 0.162044
0.255000 0.191667 0.156625
0.255000 0.208333 0.150777
0.255000 0.225000 0.144515
0.255000 0.241667 0.137858
0.255000 0.258333 0.130822
0.255000 0.275000 0.123428
0.255000 0.291667 0.115695
0.255000 0.308333 0.107646
0.255000 0.325000 0.099301
0.255000 0.341667 0.090684
0.255000 0.358333 0.081819
0.255000 0.375000 0.072729
0.255000 0.391667 0.063440
0.255000 0.408333 0.053977
0.255000 0.425000 0.044366
0.255000 0.441667 0.034634
0.255000 0.458333 0.024807
0.255000 0.475000 0.014911
0.255000 0.491667 0.004975
0.265000 0.008333 0.194785
0.265000 0.025000 0.194251
0.265000 0.041667 0.193185
0.265000 0.058333 0.191589
0.265000 0.075000 0.189468
0.265000 0.091667 0.186828
0.265000 0.108333 0.183675
0.265000 0.125000 0.180020
0.265000 0.141667 0.175870
0.265000 0.158333 0.171239
0.265000 0.175000 0.166138
0.265000 0.191667 0.160582
0.265000 0.208333 0.154586
0.265000 0.225000 0.148167
0.265000 0.241667 0.141341
0.265000 0.258333 0.134127
0.265000 0.275000 0.126546
0.265000 0.291667 0.118618
0.265000 0.308333 0.110365
0.265000 0.325000 0.101810
0.265000 0.341667 0.092975
0.265000 0.358333 0.083886
0.265000 0.375000 0.074567
0.265000 0.391667 0.065043
0.265000 0.408333 0.055341
0.265000 0.425000 0.045487
0.265000 0.441667 0.035509
0.265000 0.458333 0.025433
0.265000 0.475000 0.015288
0.265000 0.491667 0.005101
0.275000 0.008333 0.199385
0.275000 0.025000 0.198838
0.275000 0.041667 0.197747
0.275000 0.058333 0.196113
0.275000 0.075000 0.193942
0.275000 0.091667 0.191240
0.275000 0.108333 0.188013
0.275000 0.125000 0.184271
0.275000 0.141667 0.180024
0.275000 0.158333 0.175283
0.275000 0.175000 0.170062
0.275000 0.191667 0.164375
0.275000 0.208333 0.158237
0.275000 0.225000 0.151666
0.275000 0.241667 0.144678
0.275000 0.258333 0.137295
0.275000 0.275000 0.129535
0.275000 0.291667 0.121420
0.275000 0.308333 0.112972
0.275000 0.325000 0.104214
0.275000 0.341667 0.095171
0.275000 0.358333 0.085867
0.275000 0.375000 0.076328
0.275000 0.391667 0.066579
0.275000 0.408333 0.056648
0.275000 0.425000 0.046561
0.275000 0.441667 0.036348
0.275000 0.458333 0.026034
0.275000 0.475000 0.015649
0.275000 0.491667 0.005221
0.285000 0.008333 0.203785
0.285000 0.025000 0.203226
0.285000 0.041667 0.202111
0.285000 0.058333 0.200441
0.285000 0.075000 0.198222
0.285000 0.091667 0.195460
0.285000 0.108333 0.192162
0.285000 0.125000 0.188337
0.285000 0.141667 0.183996
0.285000 0.158333 0.179151
0.285000 0.175000 0.173815
0.285000 0.191667 0.168002
0.285000 0.208333 0.161729
0.285000 0.225000 0.155012
0.285000 0.241667 0.147871
0.285000 0.258333 0.140324
0.285000 0.275000 0.132393
0.285000 0.291667 0.124099
0.285000 0.308333 0.115465
0.285000 0.325000 0.106514
0.285000 0.341667 0.097271
0.285000 0.358333 0.087762
0.285000 0.375000 0.078012
0.285000 0.391667 0.068048
0.285000 0.408333 0.057898
0.285000 0.425000 0.047589
0.285000 0.441667 0.037150
0.285000 0.458333 0.026608
0.285000 0.475000 0.015994
0.285000 0.491667 0.005336
0.295000 0.008333 0.207985
0.295000 0.025000 0.207415
0.295000 0.041667 0.206276
0.295000 0.058333 0.204572
0.295000 0.075000 0.202308
0.295000 0.091667 0.199488
0.295000 0.108333 0.196122
0.295000 0.125000 0.192219
0.295000 0.141667 0.187788
0.295000 0.158333 0.182843
0.295000 0.175000 0.177397
0.295000 0.191667 0.171465
0.295000 0.208333 0.165062
0.295000 0.225000 0.158207
0.295000 0.241667 0.150919
0.295000 0.258333 0.143216
0.295000 0.275000 0.135122
0.295000 0.291667 0.126657
0.295000 0.308333 0.117844
0.295000 0.325000 0.108709
0.295000 0.341667 0.099276
0.295000 0.358333 0.089571
0.295000 0.375000 0.079620
0.295000 0.391667 0.069451
0.295000 0.408333 0.059091
0.295000 0.425000 0.048570
0.295000 0.441667 0.037915
0.295000 0.458333 0.027157
0.295000 0.475000 0.016324
0.295000 0.491667 0.005446
0.305000 0.008333 0.211985
0.305000 0.025000 0.211404
0.305000 0.041667 0.210243
0.305000 0.058333 0.208507
0.305000 0.075000 0.206198
0.305000 0.091667 0.203325
0.305000 0.108333 0.199894
0.305000 0.125000 0.195916
0.305000 0.141667 0.191400
0.305000 0.158333 0.186360
0.305000 0.175000 0.180809
0.305000 0.191667 0.174762
0.305000 0.208333 0.168237
0.305000 0.225000 0.161250
0.305000 0.241667 0.153821
0.305000 0.258333 0.145971
0.305000 0.275000 0.137720
0.305000 0.291667 0.129093
0.305000 0.308333 0.120111
0.305000 0.325000 0.110800
0.305000 0.341667 0.101185
0.305000 0.358333 0.091293
0.305000 0.375000 0.081151
0.305000 0.391667 0.070786
0.305000 0.408333 0.060228
0.305000 0.425000 0.049504
0.305000 0.441667 0.038644
0.305000 0.458333 0.027679
0.305000 0.475000 0.016638
0.305000 0.491667 0.005551
0.315000 0.008333 0.215785
0.315000 0.025000 0.215193
0.315000 0.041667 0.214012
0.315000 0.058333 0.212244
0.315000 0.075000 0.209895
0.315000 0.091667 0.206970
0.315000 0.108333 0.203478
0.315000 0.125000 0.199428
0.315000 0.141667 0.194831
0.315000 0.158333 0.189700
0.315000 0.175000 0.184050
0.315000 0.191667 0.177895
0.315000 0.208333 0.171252
0.315000 0.225000 0.164140
0.315000 0.241667 0.156579
0.315000 0.258333 0.148588
0.315000 0.275000 0.140189
0.315000 0.291667 0.131407
0.315000 0.308333 0.122264
0.315000 0.325000 0.112786
0.315000 0.341667 0.102999
0.315000 0.358333 0.092930
0.315000 0.375000 0.082606
0.315000 0.391667 0.072055
0.315000 0.408333 0.061307
0.315000 0.425000 0.050391
0.315000 0.441667 0.039337
0.315000 0.458333 0.028175
0.315000 0.475000 0.016936
0.315000 0.491667 0.005651
0.325000 0.008333 0.219385
0.325000 0.025000 0.218784
0.325000 0.041667 0.217583
0.325000 0.058333 0.215785
0.325000 0.075000 0.213396
0.325000 0.091667 0.210423
0.325000 0.108333 0.206872
0.325000 0.125000 0.202755
0.325000 0.141667 0.198082
0.325000 0.158333 0.192865
0.325000 0.175000 0.187121
0.325000 0.191667 0.180863
0.325000 0.208333 0.174109
0.325000 0.225000 0.166879
0.325000 0.241667 0.159191
0.325000 0.258333 0.151066
0.325000 0.275000 0.142528
0.325000 0.291667 0.133599
0.325000 0.308333 0.124304
0.325000 0.325000 0.114668
0.325000 0.341667 0.104717
0.325000 0.358333 0.094480
0.325000 0.375000 0.083984
0.325000 0.391667 0.073257
0.325000 0.408333 0.062330
0.325000 0.425000 0.051232
0.325000 0.441667 0.039993
0.325000 0.458333 0.028645
0.325000 0.475000 0.017219
0.325000 0.491667 0.005745
0.335000 0.008333 0.222785
0.335000 0.025000 0.222174
0.335000 0.041667 0.220955
0.335000 0.058333 0.219130
0.335000 0.075000 0.216704
0.335000 0.091667 0.213684
0.335000 0.108333 0.210078
0.335000 0.125000 0.205897
0.335000 0.141667 0.201151
0.335000 0.158333 0.195854
0.335000 0.175000 0.190021
0.335000 0.191667 0.183666
0.335000 0.208333 0.176808
0.335000 0.225000 0.169465
0.335000 0.241667 0.161658
0.335000 0.258333 0.153408
0.335000 0.275000 0.144737
0.335000 0.291667 0.135670
0.335000 0.308333 0.126230
0.335000 0.325000 0.116445
0.335000 0.341667 0.106340
0.335000 0.358333 0.095944
0.335000 0.375000 0.085285
0.335000 0.391667 0.074393
0.335000 0.408333 0.063296
0.335000 0.425000 0.052026
0.335000 0.441667 0.040613
0.335000 0.458333 0.029089
0.335000 0.475000 0.017486
0.335000 0.491667 0.005834
0.345000 0.008333 0.225985
0.345000 0.025000 0.225366
0.345000 0.041667 0.224129
0.345000 0.058333 0.222277
0.345000 0.075000 0.219816
0.345000 0.091667 0.216753
0.345000 0.108333 0.213096
0.345000 0.125000 0.208855
0.345000 0.141667 0.204041
0.345000 0.158333 0.198668
0.345000 0.175000 0.192750
0.345000 0.191667 0.186304
0.345000 0.208333 0.179348
0.345000 0.225000 0.171899
0.345000 0.241667 0.163980
0.345000 0.258333 0.155611
0.345000 0.275000 0.146816
0.345000 0.291667 0.137618
0.345000 0.308333 0.128043
0.345000 0.325000 0.118117
0.345000 0.341667 0.107868
0.345000 0.358333 0.097323
0.345000 0.375000 0.086510
0.345000 0.391667 0.075461
0.345000 0.408333 0.064205
0.345000 0.425000 0.052773
0.345000 0.441667 0.041197
0.345000 0.458333 0.029507
0.345000 0.475000 0.017737
0.345000 0.491667 0.005918
0.355000 0.008333 0.228985
0.355000 0.025000 0.228357
0.355000 0.041667 0.227104
0.355000 0.058333 0.225228
0.355000 0.075000 0.222735
0.355000 0.091667 0.219631
0.355000 0.108333 0.215925
0.355000 0.125000 0.211627
0.355000 0.141667 0.206750
0.355000 0.158333 0.201305
0.355000 0.175000 0.195309
0.355000 0.191667 0.188777
0.355000 0.208333 0.181729
0.355000 0.225000 0.174181
0.355000 0.241667 0.166157
0.355000 0.258333 0.157677
0.355000 0.275000 0.148765
0.355000 0.291667 0.139445
0.355000 0.308333 0.129743
0.355000 0.325000 0.119686
0.355000 0.341667 0.109300
0.355000 0.358333 0.098615
0.355000 0.375000 0.087659
0.355000 0.391667 0.076463
0.355000 0.408333 0.065058
0.355000 0.425000 0.053474
0.355000 0.441667 0.041744
0.355000 0.458333 0.029899
0.355000 0.475000 0.017972
0.355000 0.491667 0.005996
0.365000 0.008333 0.231785
0.365000 0.025000 0.231150
0.365000 0.041667 0.229881
0.365000 0.058333 0.227982
0.365000 0.075000 0.225458
0.365000 0.091667 0.222316
0.365000 0.108333 0.218565
0.365000 0.125000 0.214215
0.365000 0.141667 0.209278
0.365000 0.158333 0.203767
0.365000 0.175000 0.197697
0.365000 0.191667 0.191086
0.365000 0.208333 0.183951
0.365000 0.225000 0.176311
0.365000 0.241667 0.168189
0.365000 0.258333 0.159605
0.365000 0.275000 0.150584
0.365000 0.291667 0.141150
0.365000 0.308333 0.131330
0.365000 0.325000 0.121149
0.365000 0.341667 0.110636
0.365000 0.358333 0.099820
0.365000 0.375000 0.088731
0.365000 0.391667 0.077398
0.365000 0.408333 0.065853
0.365000 0.425000 0.054128
0.365000 0.441667 0.042254
0.365000 0.458333 0.030264
0.365000 0.475000 0.018192
0.365000 0.491667 0.006070
0.375000 0.008333 0.234385
0.375000 0.025000 0.233743
0.375000 0.041667 0.232460
0.375000 0.058333 0.230540
0.375000 0.075000 0.227987
0.375000 0.091667 0.224810
0.375000 0.108333 0.221017
0.375000 0.125000 0.216618
0.375000 0.141667 0.211625
0.375000 0.158333 0.206053
0.375000 0.175000 0.199915
0.375000 0.191667 0.193229
0.375000 0.208333 0.186014
0.375000 0.225000 0.178289
0.375000 0.241667 0.170076
0.375000 0.258333 0.161396
0.375000 0.275000 0.152273
0.375000 0.291667 0.142734
0.375000 0.308333 0.132803
0.375000 0.325000 0.122508
0.375000 0.341667 0.111878
0.375000 0.358333 0.100940
0.375000 0.375000 0.089726
0.375000 0.391667 0.078266
0.375000 0.408333 0.066592
0.375000 0.425000 0.054735
0.375000 0.441667 0.042728
0.375000 0.458333 0.030604
0.375000 0.475000 0.018396
0.375000 0.491667 0.006138
0.385000 0.008333 0.236785
0.385000 0.025000 0.236136
0.385000 0.041667 0.234840
0.385000 0.058333 0.232900
0.385000 0.075000 0.230322
0.385000 0.091667 0.227112
0.385000 0.108333 0.223280
0.385000 0.125000 0.218836
0.385000 0.141667 0.213792
0.385000 0.158333 0.208163
0.385000 0.175000 0.201962
0.385000 0.191667 0.195208
0.385000 0.208333 0.187919
0.385000 0.225000 0.180115
0.385000 0.241667 0.171817
0.385000 0.258333 0.163048
0.385000 0.275000 0.153833
0.385000 0.291667 0.144195
0.385000 0.308333 0.134163
0.385000 0.325000 0.123763
0.385000 0.341667 0.113023
0.385000 0.358333 0.101974
0.385000 0.375000 0.090645
0.385000 0.391667 0.079068
0.385000 0.408333 0.067274
0.385000 0.425000 0.055296
0.385000 0.441667 0.043166
0.385000 0.458333 0.030917
0.385000 0.475000 0.018584
0.385000 0.491667 0.006200
0.395000 0.008333 0.238986
0.395000 0.025000 0.238331
0.395000 0.041667 0.237022
0.395000 0.058333 0.235064
0.395000 0.075000 0.232462
0.395000 0.091667 0.229223
0.395000 0.108333 0.225355
0.395000 0.125000 0.220870
0.395000 0.141667 0.215779
0.395000 0.158333 0.210097
0.395000 0.175000 0.203839
0.395000 0.191667 0.197022
0.395000 0.208333 0.189665
0.395000 0.225000 0.181789
0.395000 0.241667 0.173414
0.395000 0.258333 0.164563
0.395000 0.275000 0.155262
0.395000 0.291667 0.145535
0.395000 0.308333 0.135410
0.395000 0.325000 0.124913
0.395000 0.341667 0.114073
0.395000 0.358333 0.102921
0.395000 0.375000 0.091487
0.395000 0.391667 0.079803
0.395000 0.408333 0.067899
0.395000 0.425000 0.055809
0.395000 0.441667 0.043567
0.395000 0.458333 0.031205
0.395000 0.475000 0.018757
0.395000 0.491667 0.006258
0.405000 0.008333 0.240986
0.405000 0.025000 0.240325
0.405000 0.041667 0.239006
0.405000 0.058333 0.237032
0.405000 0.075000 0.234408
0.405000 0.091667 0.231141
0.405000 0.108333 0.227241
0.405000 0.125000 0.222718
0.405000 0.141667 0.217585
0.405000 0.158333 0.211855
0.405000 0.175000 0.205545
0.405000 0.191667 0.198671
0.405000 0.208333 0.191253
0.405000 0.225000 0.183310
0.405000 0.241667 0.174865
0.405000 0.258333 0.165941
0.405000 0.275000 0.156562
0.405000 0.291667 0.146753
0.405000 0.308333 0.136543
0.405000 0.325000 0.125958
0.405000 0.341667 0.115028
0.405000 0.358333 0.103783
0.405000 0.375000 0.092253
0.405000 0.391667 0.080470
0.405000 0.408333 0.068467
0.405000 0.425000 0.056276
0.405000 0.441667 0.043931
0.405000 0.458333 0.031466
0.405000 0.475000 0.018914
0.405000 0.491667 0.006310
0.415000 0.008333 0.242786
0.415000 0.025000 0.242121
0.415000 0.041667 0.240791
0.415000 0.058333 0.238802
0.415000 0.075000 0.236159
0.415000 0.091667 0.232868
0.415000 0.108333 0.228939
0.415000 0.125000 0.224382
0.415000 0.141667 0.219210
0.415000 0.158333 0.213438
0.415000 0.175000 0.207080
0.415000 0.191667 0.200155
0.415000 0.208333 0.192681
0.415000 0.225000 0.184679
0.415000 0.241667 0.176171
0.415000 0.258333 0.167180
0.415000 0.275000 0.157731
0.415000 0.291667 0.147850
0.415000 0.308333 0.137563
0.415000 0.325000 0.126899
0.415000 0.341667 0.115887
0.415000 0.358333 0.104558
0.415000 0.375000 0.092942
0.415000 0.391667 0.081072
0.415000 0.408333 0.068979
0.415000 0.425000 0.056697
0.415000 0.441667 0.044260
0.415000 0.458333 0.031701
0.415000 0.475000 0.019055
0.415000 0.491667 0.006358
0.425000 0.008333 0.244386
0.425000 0.025000 0.243716
0.425000 0.041667 0.242378
0.425000 0.058333 0.240376
0.425000 0.075000 0.237715
0.425000 0.091667 0.234403
0.425000 0.108333 0.230448
0.425000 0.125000 0.225861
0.425000 0.141667 0.220655
0.425000 0.158333 0.214845
0.425000 0.175000 0.208445
0.425000 0.191667 0.201474
0.425000 0.208333 0.193951
0.425000 0.225000 0.185897
0.425000 0.241667 0.177332
0.425000 0.258333 0.168282
0.425000 0.275000 0.158771
0.425000 0.291667 0.148824
0.425000 0.308333 0.138470
0.425000 0.325000 0.127735
0.425000 0.341667 0.116651
0.425000 0.358333 0.105247
0.425000 0.375000 0.093555
0.425000 0.391667 0.081606
0.425000 0.408333 0.069433
0.425000 0.425000 0.057071
0.425000 0.441667 0.044551
0.425000 0.458333 0.031910
0.425000 0.475000 0.019181
0.425000 0.491667 0.006399
0.435000 0.008333 0.245786
0.435000 0.025000 0.245113
0.435000 0.041667 0.243767
0.435000 0.058333 0.241754
0.435000 0.075000 0.239077
0.435000 0.091667 0.235746
0.435000 0.108333 0.231768
0.435000 0.125000 0.227155
0.435000 0.141667 0.221919
0.435000 0.158333 0.216075
0.435000 0.175000 0.209639
0.435000 0.191667 0.202629
0.435000 0.208333 0.195063
0.435000 0.225000 0.186962
0.435000 0.241667 0.178349
0.435000 0.258333 0.169246
0.435000 0.275000 0.159680
0.435000 0.291667 0.149677
0.435000 0.308333 0.139263
0.435000 0.325000 0.128467
0.435000 0.341667 0.117320
0.435000 0.358333 0.105850
0.435000 0.375000 0.094091
0.435000 0.391667 0.082074
0.435000 0.408333 0.069831
0.435000 0.425000 0.057398
0.435000 0.441667 0.044807
0.435000 0.458333 0.032093
0.435000 0.475000 0.019291
0.435000 0.491667 0.006436
0.445000 0.008333 0.246987
0.445000 0.025000 0.246310
0.445000 0.041667 0.244958
0.445000 0.058333 0.242934
0.445000 0.075000 0.240245
0.445000 0.091667 0.236897
0.445000 0.108333 0.232900
0.445000 0.125000 0.228264
0.445000 0.141667 0.223003
0.445000 0.158333 0.217131
0.445000 0.175000 0.210663
0.445000 0.191667 0.203618
0.445000 0.208333 0.196015
0.445000 0.225000 0.187875
0.445000 0.241667 0.179219
0.445000 0.258333 0.170073
0.445000 0.275000 0.160460
0.445000 0.291667 0.150408
0.445000 0.308333 0.139943
0.445000 0.325000 0.129095
0.445000 0.341667 0.117893
0.445000 0.358333 0.106367
0.445000 0.375000 0.094550
0.445000 0.391667 0.082474
0.445000 0.408333 0.070172
0.445000 0.425000 0.057678
0.445000 0.441667 0.045025
0.445000 0.458333 0.032249
0.445000 0.475000 0.019385
0.445000 0.491667 0.006468
0.455000 0.008333 0.247987
0.455000 0.025000 0.247307
0.455000 0.041667 0.245950
0.455000 0.058333 0.243918
0.455000 0.075000 0.241218
0.455000 0.091667 0.237856
0.455000 0.108333 0.233843
0.455000 0.125000 0.229189
0.455000 0.141667 0.223906
0.455000 0.158333 0.218010
0.455000 0.175000 0.211516
0.455000 0.191667 0.204443
0.455000 0.208333 0.196809
0.455000 0.225000 0.188636
0.455000 0.241667 0.179945
0.455000 0.258333 0.170762
0.455000 0.275000 0.161110
0.455000 0.291667 0.151017
0.455000 0.308333 0.140510
0.455000 0.325000 0.129618
0.455000 0.341667 0.118370
0.455000 0.358333 0.106798
0.455000 0.375000 0.094933
0.455000 0.391667 0.082808
0.455000 0.408333 0.070456
0.455000 0.425000 0.057911
0.455000 0.441667 0.045208
0.455000 0.458333 0.032380
0.455000 0.475000 0.019464
0.455000 0.491667 0.006494
0.465000 0.008333 0.248787
0.465000 0.025000 0.248105
0.465000 0.041667 0.246743
0.465000 0.058333 0.244705
0.465000 0.075000 0.241996
0.465000 0.091667 0.238624
0.465000 0.108333 0.234597
0.465000 0.125000 0.229928
0.465000 0.141667 0.224629
0.465000 0.158333 0.218713
0.465000 0.175000 0.212199
0.465000 0.191667 0.205102
0.465000 0.208333 0.197444
0.465000 0.225000 0.189244
0.465000 0.241667 0.180526
0.465000 0.258333 0.171313
0.465000 0.275000 0.161630
0.465000 0.291667 0.151504
0.465000 0.308333 0.140963
0.465000 0.325000 0.130036
0.465000 0.341667 0.118752
0.465000 0.358333 0.107143
0.465000 0.375000 0.095240
0.465000 0.391667 0.083076
0.465000 0.408333 0.070684
0.465000 0.425000 0.058098
0.465000 0.441667 0.045354
0.465000 0.458333 0.032484
0.465000 0.475000 0.019526
0.465000 0.491667 0.006515
0.475000 0.008333 0.249387
0.475000 0.025000 0.248704
0.475000 0.041667 0.247339
0.475000 0.058333 0.245295
0.475000 0.075000 0.242580
0.475000 0.091667 0.239200
0.475000 0.108333 0.235164
0.475000 0.125000 0.230483
0.475000 0.141667 0.225171
0.475000 0.158333 0.219241
0.475000 0.175000 0.212711
0.475000 0.191667 0.205597
0.475000 0.208333 0.197920
0.475000 0.225000 0.189701
0.475000 0.241667 0.180962
0.475000 0.258333 0.171726
0.475000 0.275000 0.162020
0.475000 0.291667 0.151870
0.475000 0.308333 0.141303
0.475000 0.325000 0.130350
0.475000 0.341667 0.119039
0.475000 0.358333 0.107401
0.475000 0.375000 0.095469
0.475000 0.391667 0.083276
0.475000 0.408333 0.070854
0.475000 0.425000 0.058239
0.475000 0.441667 0.045463
0.475000 0.458333 0.032563
0.475000 0.475000 0.019573
0.475000 0.491667 0.006530
0.485000 0.008333 0.249788
0.485000 0.025000 0.249103
0.485000 0.041667 0.247735
0.485000 0.058333 0.245689
0.485000 0.075000 0.242969
0.485000 0.091667 0.239583
0.485000 0.108333 0.235541
0.485000 0.125000 0.230853
0.485000 0.141667 0.225532
0.485000 0.158333 0.219593
0.485000 0.175000 0.213052
0.485000 0.191667 0.205927
0.485000 0.208333 0.198238
0.485000 0.225000 0.190005
0.485000 0.241667 0.181252
0.485000 0.258333 0.172002
0.485000 0.275000 0.162280
0.485000 0.291667 0.152114
0.485000 0.308333 0.141530
0.485000 0.325000 0.130559
0.485000 0.341667 0.119230
0.485000 0.358333 0.107574
0.485000 0.375000 0.095623
0.485000 0.391667 0.083410
0.485000 0.408333 0.070968
0.485000 0.425000 0.058332
0.485000 0.441667 0.045536
0.485000 0.458333 0.032615
0.485000 0.475000 0.019605
0.485000 0.491667 0.006541
0.495000 0.008333 0.249988
0.495000 0.025000 0.249303
0.495000 0.041667 0.247934
0.495000 0.058333 0.245886
0.495000 0.075000 0.243164
0.495000 0.091667 0.239776
0.495000 0.108333 0.235730
0.495000 0.125000 0.231038
0.495000 0.141667 0.225713
0.495000 0.158333 0.219769
0.495000 0.175000 0.213223
0.495000 0.191667 0.206092
0.495000 0.208333 0.198397
0.495000 0.225000 0.190158
0.495000 0.241667 0.181397
0.495000 0.258333 0.172140
0.495000 0.275000 0.162410
0.495000 0.291667 0.152236
0.495000 0.308333 0.141644
0.495000 0.325000 0.130664
0.495000 0.341667 0.119325
0.495000 0.358333 0.107660
0.495000 0.375000 0.095699
0.495000 0.391667 0.083477
0.495000 0.408333 0.071025
0.495000 0.425000 0.058379
0.495000 0.441667 0.045573
0.495000 0.458333 0.032641
0.495000 0.475000 0.019621
0.495000 0.491667 0.006546
0.505000 0.008333 0.249988
0.505000 0.025000 0.249303
0.505000 0.041667 0.247934
0.505000 0.058333 0.245886
0.505000 0.075000 0.243164
0.505000 0.091667 0.239776
0.505000 0.108333 0.235730
0.505000 0.125000 0.231038
0.505000 0.141667 0.225713
0.505000 0.158333 0.219769
0.505000 0.175000 0.213223
0.505000 0.191667 0.206093
0.505000 0.208333 0.198397
0.505000 0.225000 0.190158
0.505000 0.241667 0.181398
0.505000 0.258333 0.172140
0.505000 0.275000 0.162410
0.505000 0.291667 0.152236
0.505000 0.308333 0.141644
0.505000 0.325000 0.130664
0.505000 0.341667 0.119325
0.505000 0.358333 0.107660
0.505000 0.375000 0.095700
0.505000 0.391667 0.083477
0.505000 0.408333 0.071025
0.505000 0.425000 0.058379
0.505000 0.441667 0.045573
0.505000 0.458333 0.032641
0.505000 0.475000 0.019621
0.505000 0.491667 0.006546
0.515000 0.008333 0.249788
0.515000 0.025000 0.249104
0.515000 0.041667 0.247736
0.515000 0.058333 0.245690
0.515000 0.075000 0.242970
0.515000 0.091667 0.239584
0.515000 0.108333 0.235542
0.515000 0.125000 0.230854
0.515000 0.141667 0.225533
0.515000 0.158333 0.219594
0.515000 0.175000 0.213053
0.515000 0.191667 0.205928
0.515000 0.208333 0.198239
0.515000 0.225000 0.190006
0.515000 0.241667 0.181253
0.515000 0.258333 0.172002
0.515000 0.275000 0.162281
0.515000 0.291667 0.152114
0.515000 0.308333 0.141531
0.515000 0.325000 0.130559
0.515000 0.341667 0.119230
0.515000 0.358333 0.107574
0.515000 0.375000 0.095623
0.515000 0.391667 0.083410
0.515000 0.408333 0.070968
0.515000 0.425000 0.058332
0.515000 0.441667 0.045536
0.515000 0.458333 0.032615
0.515000 0.475000 0.019605
0.515000 0.491667 0.006541
0.525000 0.008333 0.249389
0.525000 0.025000 0.248705
0.525000 0.041667 0.247340
0.525000 0.058333 0.245297
0.525000 0.075000 0.242581
0.525000 0.091667 0.239201
0.525000 0.108333 0.235165
0.525000 0.125000 0.230484
0.525000 0.141667 0.225172
0.525000 0.158333 0.219242
0.525000 0.175000 0.212712
0.525000 0.191667 0.205599
0.525000 0.208333 0.197922
0.525000 0.225000 0.189702
0.525000 0.241667 0.180963
0.525000 0.258333 0.171727
0.525000 0.275000 0.162021
0.525000 0.291667 0.151871
0.525000 0.308333 0.141304
0.525000 0.325000 0.130351
0.525000 0.341667 0.119039
0.525000 0.358333 0.107402
0.525000 0.375000 0.095470
0.525000 0.391667 0.083277
0.525000 0.408333 0.070855
0.525000 0.425000 0.058239
0.525000 0.441667 0.045463
0.525000 0.458333 0.032563
0.525000 0.475000 0.019574
0.525000 0.491667 0.006531
0.535000 0.008333 0.248789
0.535000 0.025000 0.248107
0.535000 0.041667 0.246745
0.535000 0.058333 0.244707
0.535000 0.075000 0.241998
0.535000 0.091667 0.238626
0.535000 0.108333 0.234599
0.535000 0.125000 0.229930
0.535000 0.141667 0.224631
0.535000 0.158333 0.218715
0.535000 0.175000 0.212201
0.535000 0.191667 0.205104
0.535000 0.208333 0.197446
0.535000 0.225000 0.189246
0.535000 0.241667 0.180528
0.535000 0.258333 0.171314
0.535000 0.275000 0.161632
0.535000 0.291667 0.151506
0.535000 0.308333 0.140965
0.535000 0.325000 0.130037
0.535000 0.341667 0.118753
0.535000 0.358333 0.107144
0.535000 0.375000 0.095241
0.535000 0.391667 0.083077
0.535000 0.408333 0.070685
0.535000 0.425000 0.058099
0.535000 0.441667 0.045354
0.535000 0.458333 0.032485
0.535000 0.475000 0.019527
0.535000 0.491667 0.006515
0.545000 0.008333 0.247989
0.545000 0.025000 0.247310
0.545000 0.041667 0.245952
0.545000 0.058333 0.243920
0.545000 0.075000 0.241220
0.545000 0.091667 0.237859
0.545000 0.108333 0.233845
0.545000 0.125000 0.229191
0.545000 0.141667 0.223909
0.545000 0.158333 0.218012
0.545000 0.175000 0.211519
0.545000 0.191667 0.204445
0.545000 0.208333 0.196811
0.545000 0.225000 0.188638
0.545000 0.241667 0.179947
0.545000 0.258333 0.170764
0.545000 0.275000 0.161112
0.545000 0.291667 0.151019
0.545000 0.308333 0.140512
0.545000 0.325000 0.129619
0.545000 0.341667 0.118372
0.545000 0.358333 0.106799
0.545000 0.375000 0.094935
0.545000 0.391667 0.082810
0.545000 0.408333 0.070457
0.545000 0.425000 0.057912
0.545000 0.441667 0.045208
0.545000 0.458333 0.032380
0.545000 0.475000 0.019464
0.545000 0.491667 0.006494
0.555000 0.008333 0.246990
0.555000 0.025000 0.246313
0.555000 0.041667 0.244961
0.555000 0.058333 0.242937
0.555000 0.075000 0.240248
0.555000 0.091667 0.236900
0.555000 0.108333 0.232903
0.555000 0.125000 0.228267
0.555000 0.141667 0.223006
0.555000 0.158333 0.217134
0.555000 0.175000 0.210666
0.555000 0.191667 0.203621
0.555000 0.208333 0.196018
0.555000 0.225000 0.187877
0.555000 0.241667 0.179222
0.555000 0.258333 0.170076
0.555000 0.275000 0.160463
0.555000 0.291667 0.150410
0.555000 0.308333 0.139945
0.555000 0.325000 0.129097
0.555000 0.341667 0.117895
0.555000 0.358333 0.106369
0.555000 0.375000 0.094552
0.555000 0.391667 0.082476
0.555000 0.408333 0.070173
0.555000 0.425000 0.057679
0.555000 0.441667 0.045026
0.555000 0.458333 0.032250
0.555000 0.475000 0.019385
0.555000 0.491667 0.006468
0.565000 0.008333 0.245790
0.565000 0.025000 0.245116
0.565000 0.041667 0.243771
0.565000 0.058333 0.241757
0.565000 0.075000 0.239081
0.565000 0.091667 0.235749
0.565000 0.108333 0.231771
0.565000 0.125000 0.227158
0.565000 0.141667 0.221923
0.565000 0.158333 0.216079
0.565000 0.175000 0.209643
0.565000 0.191667 0.202632
0.565000 0.208333 0.195066
0.565000 0.225000 0.186965
0.565000 0.241667 0.178352
0.565000 0.258333 0.169250
0.565000 0.275000 0.159683
0.565000 0.291667 0.149680
0.565000 0.308333 0.139266
0.565000 0.325000 0.128470
0.565000 0.341667 0.117322
0.565000 0.358333 0.105852
0.565000 0.375000 0.094093
0.565000 0.391667 0.082075
0.565000 0.408333 0.069833
0.565000 0.425000 0.057399
0.565000 0.441667 0.044807
0.565000 0.458333 0.032093
0.565000 0.475000 0.019291
0.565000 0.491667 0.006436
0.575000 0.008333 0.244390
0.575000 0.025000 0.243720
0.575000 0.041667 0.242383
0.575000 0.058333 0.240380
0.575000 0.075000 0.237719
0.575000 0.091667 0.234407
0.575000 0.108333 0.230452
0.575000 0.125000 0.225865
0.575000 0.141667 0.220659
0.575000 0.158333 0.214849
0.575000 0.175000 0.208449
0.575000 0.191667 0.201478
0.575000 0.208333 0.193955
0.575000 0.225000 0.185900
0.575000 0.241667 0.177336
0.575000 0.258333 0.168286
0.575000 0.275000 0.158774
0.575000 0.291667 0.148827
0.575000 0.308333 0.138473
0.575000 0.325000 0.127738
0.575000 0.341667 0.116654
0.575000 0.358333 0.105250
0.575000 0.375000 0.093557
0.575000 0.391667 0.081608
0.575000 0.408333 0.069435
0.575000 0.425000 0.057072
0.575000 0.441667 0.044552
0.575000 0.458333 0.031911
0.575000 0.475000 0.019181
0.575000 0.491667 0.006400
0.585000 0.008333 0.242791
0.585000 0.025000 0.242125
0.585000 0.041667 0.240796
0.585000 0.058333 0.238807
0.585000 0.075000 0.236163
0.585000 0.091667 0.232872
0.585000 0.108333 0.228943
0.585000 0.125000 0.224387
0.585000 0.141667 0.219215
0.585000 0.158333 0.213442
0.585000 0.175000 0.207085
0.585000 0.191667 0.200159
0.585000 0.208333 0.192686
0.585000 0.225000 0.184684
0.585000 0.241667 0.176175
0.585000 0.258333 0.167184
0.585000 0.275000 0.157735
0.585000 0.291667 0.147853
0.585000 0.308333 0.137566
0.585000 0.325000 0.126902
0.585000 0.341667 0.115890
0.585000 0.358333 0.104561
0.585000 0.375000 0.092945
0.585000 0.391667 0.081074
0.585000 0.408333 0.068981
0.585000 0.425000 0.056698
0.585000 0.441667 0.044261
0.585000 0.458333 0.031702
0.585000 0.475000 0.019056
0.585000 0.491667 0.006358
0.595000 0.008333 0.240991
0.595000 0.025000 0.240330
0.595000 0.041667 0.239011
0.595000 0.058333 0.237037
0.595000 0.075000 0.234413
0.595000 0.091667 0.231146
0.595000 0.108333 0.227246
0.595000 0.125000 0.222723
0.595000 0.141667 0.217590
0.595000 0.158333 0.211860
0.595000 0.175000 0.205550
0.595000 0.191667 0.198676
0.595000 0.208333 0.191257
0.595000 0.225000 0.183315
0.595000 0.241667 0.174870
0.595000 0.258333 0.165945
0.595000 0.275000 0.156566
0.595000 0.291667 0.146758
0.595000 0.308333 0.136547
0.595000 0.325000 0.125962
0.595000 0.341667 0.115032
0.595000 0.358333 0.103786
0.595000 0.375000 0.092256
0.595000 0.391667 0.080473
0.595000 0.408333 0.068469
0.595000 0.425000 0.056278
0.595000 0.441667 0.043933
0.595000 0.458333 0.031467
0.595000 0.475000 0.018915
0.595000 0.491667 0.006311
0.605000 0.008333 0.238991
0.605000 0.025000 0.238336
0.605000 0.041667 0.237028
0.605000 0.058333 0.235070
0.605000 0.075000 0.232468
0.605000 0.091667 0.229228
0.605000 0.108333 0.225361
0.605000 0.125000 0.220875
0.605000 0.141667 0.215785
0.605000 0.158333 0.210102
0.605000 0.175000 0.203844
0.605000 0.191667 0.197027
0.605000 0.208333 0.189671
0.605000 0.225000 0.181794
0.605000 0.241667 0.173419
0.605000 0.258333 0.164568
0.605000 0.275000 0.155267
0.605000 0.291667 0.145540
0.605000 0.308333 0.135414
0.605000 0.325000 0.124917
0.605000 0.341667 0.114077
0.605000 0.358333 0.102925
0.605000 0.375000 0.091491
0.605000 0.391667 0.079805
0.605000 0.408333 0.067901
0.605000 0.425000 0.055811
0.605000 0.441667 0.043568
0.605000 0.458333 0.031206
0.605000 0.475000 0.018758
0.605000 0.491667 0.006258
0.615000 0.008333 0.236792
0.615000 0.025000 0.236143
0.615000 0.041667 0.234846
0.615000 0.058333 0.232907
0.615000 0.075000 0.230328
0.615000 0.091667 0.227119
0.615000 0.108333 0.223287
0.615000 0.125000 0.218843
0.615000 0.141667 0.213799
0.615000 0.158333 0.208169
0.615000 0.175000 0.201968
0.615000 0.191667 0.195214
0.615000 0.208333 0.187925
0.615000 0.225000 0.180121
0.615000 0.241667 0.171823
0.615000 0.258333 0.163054
0.615000 0.275000 0.153838
0.615000 0.291667 0.144201
0.615000 0.308333 0.134168
0.615000 0.325000 0.123767
0.615000 0.341667 0.113027
0.615000 0.358333 0.101978
0.615000 0.375000 0.090649
0.615000 0.391667 0.079071
0.615000 0.408333 0.067277
0.615000 0.425000 0.055298
0.615000 0.441667 0.043167
0.615000 0.458333 0.030919
0.615000 0.475000 0.018585
0.615000 0.491667 0.006201
0.625000 0.008333 0.234392
0.625000 0.025000 0.233750
0.625000 0.041667 0.232467
0.625000 0.058333 0.230546
0.625000 0.075000 0.227994
0.625000 0.091667 0.224817
0.625000 0.108333 0.221024
0.625000 0.125000 0.216625
0.625000 0.141667 0.211632
0.625000 0.158333 0.206059
0.625000 0.175000 0.199922
0.625000 0.191667 0.193236
0.625000 0.208333 0.186021
0.625000 0.225000 0.178296
0.625000 0.241667 0.170082
0.625000 0.258333 0.161402
0.625000 0.275000 0.152279
0.625000 0.291667 0.142739
0.625000 0.308333 0.132808
0.625000 0.325000 0.122513
0.625000 0.341667 0.111882
0.625000 0.358333 0.100945
0.625000 0.375000 0.089730
0.625000 0.391667 0.078270
0.625000 0.408333 0.066595
0.625000 0.425000 0.054737
0.625000 0.441667 0.042730
0.625000 0.458333 0.030605
0.625000 0.475000 0.018397
0.625000 0.491667 0.006138
0.635000 0.008333 0.231792
0.635000 0.025000 0.231157
0.635000 0.041667 0.229888
0.635000 0.058333 0.227989
0.635000 0.075000 0.225466
0.635000 0.091667 0.222324
0.635000 0.108333 0.218573
0.635000 0.125000 0.214222
0.635000 0.141667 0.209285
0.635000 0.158333 0.203774
0.635000 0.175000 0.197704
0.635000 0.191667 0.191093
0.635000 0.208333 0.183958
0.635000 0.225000 0.176318
0.635000 0.241667 0.168196
0.635000 0.258333 0.159612
0.635000 0.275000 0.150590
0.635000 0.291667 0.141156
0.635000 0.308333 0.131335
0.635000 0.325000 0.121155
0.635000 0.341667 0.110641
0.635000 0.358333 0.099825
0.635000 0.375000 0.088735
0.635000 0.391667 0.077402
0.635000 0.408333 0.065856
0.635000 0.425000 0.054130
0.635000 0.441667 0.042256
0.635000 0.458333 0.030266
0.635000 0.475000 0.018193
0.635000 0.491667 0.006070
0.645000 0.008333 0.228993
0.645000 0.025000 0.228365
0.645000 0.041667 0.227112
0.645000 0.058333 0.225236
0.645000 0.075000 0.222742
0.645000 0.091667 0.219639
0.645000 0.108333 0.215933
0.645000 0.125000 0.211635
0.645000 0.141667 0.206757
0.645000 0.158333 0.201313
0.645000 0.175000 0.195317
0.645000 0.191667 0.188785
0.645000 0.208333 0.181736
0.645000 0.225000 0.174189
0.645000 0.241667 0.166164
0.645000 0.258333 0.157684
0.645000 0.275000 0.148772
0.645000 0.291667 0.139452
0.645000 0.308333 0.129749
0.645000 0.325000 0.119691
0.645000 0.341667 0.109305
0.645000 0.358333 0.098620
0.645000 0.375000 0.087664
0.645000 0.391667 0.076467
0.645000 0.408333 0.065061
0.645000 0.425000 0.053477
0.645000 0.441667 0.041746
0.645000 0.458333 0.029900
0.645000 0.475000 0.017973
0.645000 0.491667 0.005997
0.655000 0.008333 0.225993
0.655000 0.025000 0.225374
0.655000 0.041667 0.224137
0.655000 0.058333 0.222285
0.655000 0.075000 0.219825
0.655000 0.091667 0.216761
0.655000 0.108333 0.213104
0.655000 0.125000 0.208863
0.655000 0.141667 0.204049
0.655000 0.158333 0.198676
0.655000 0.175000 0.192758
0.655000 0.191667 0.186312
0.655000 0.208333 0.179356
0.655000 0.225000 0.171907
0.655000 0.241667 0.163988
0.655000 0.258333 0.155619
0.655000 0.275000 0.146823
0.655000 0.291667 0.137625
0.655000 0.308333 0.128050
0.655000 0.325000 0.118124
0.655000 0.341667 0.107874
0.655000 0.358333 0.097328
0.655000 0.375000 0.086515
0.655000 0.391667 0.075466
0.655000 0.408333 0.064209
0.655000 0.425000 0.052776
0.655000 0.441667 0.041199
0.655000 0.458333 0.029509
0.655000 0.475000 0.017738
0.655000 0.491667 0.005918
0.665000 0.008333 0.222794
0.665000 0.025000 0.222183
0.665000 0.041667 0.220963
0.665000 0.058333 0.219138
0.665000 0.075000 0.216712
0.665000 0.091667 0.213693
0.665000 0.108333 0.210087
0.665000 0.125000 0.205906
0.665000 0.141667 0.201160
0.665000 0.158333 0.195863
0.665000 0.175000 0.190029
0.665000 0.191667 0.183675
0.665000 0.208333 0.176816
0.665000 0.225000 0.169474
0.665000 0.241667 0.161666
0.665000 0.258333 0.153416
0.665000 0.275000 0.144745
0.665000 0.291667 0.135677
0.665000 0.308333 0.126237
0.665000 0.325000 0.116452
0.665000 0.341667 0.106347
0.665000 0.358333 0.095950
0.665000 0.375000 0.085291
0.665000 0.391667 0.074397
0.665000 0.408333 0.063300
0.665000 0.425000 0.052029
0.665000 0.441667 0.040616
0.665000 0.458333 0.029091
0.665000 0.475000 0.017487
0.665000 0.491667 0.005834
0.675000 0.008333 0.219394
0.675000 0.025000 0.218793
0.675000 0.041667 0.217592
0.675000 0.058333 0.215794
0.675000 0.075000 0.213406
0.675000 0.091667 0.210432
0.675000 0.108333 0.206882
0.675000 0.125000 0.202764
0.675000 0.141667 0.198091
0.675000 0.158333 0.192875
0.675000 0.175000 0.187130
0.675000 0.191667 0.180872
0.675000 0.208333 0.174119
0.675000 0.225000 0.166888
0.675000 0.241667 0.159200
0.675000 0.258333 0.151075
0.675000 0.275000 0.142536
0.675000 0.291667 0.133607
0.675000 0.308333 0.124311
0.675000 0.325000 0.114675
0.675000 0.341667 0.104724
0.675000 0.358333 0.094486
0.675000 0.375000 0.083989
0.675000 0.391667 0.073262
0.675000 0.408333 0.062334
0.675000 0.425000 0.051236
0.675000 0.441667 0.039996
0.675000 0.458333 0.028647
0.675000 0.475000 0.017220
0.675000 0.491667 0.005745
0.685000 0.008333 0.215795
0.685000 0.025000 0.215203
0.685000 0.041667 0.214022
0.685000 0.058333 0.212254
0.685000 0.075000 0.209904
0.685000 0.091667 0.206979
0.685000 0.108333 0.203487
0.685000 0.125000 0.199437
0.685000 0.141667 0.194841
0.685000 0.158333 0.189710
0.685000 0.175000 0.184060
0.685000 0.191667 0.177905
0.685000 0.208333 0.171262
0.685000 0.225000 0.164150
0.685000 0.241667 0.156588
0.685000 0.258333 0.148597
0.685000 0.275000 0.140198
0.685000 0.291667 0.131415
0.685000 0.308333 0.122272
0.685000 0.325000 0.112794
0.685000 0.341667 0.103006
0.685000 0.358333 0.092936
0.685000 0.375000 0.082612
0.685000 0.391667 0.072061
0.685000 0.408333 0.061312
0.685000 0.425000 0.050395
0.685000 0.441667 0.039340
0.685000 0.458333 0.028177
0.685000 0.475000 0.016937
0.685000 0.491667 0.005651
0.695000 0.008333 0.211995
0.695000 0.025000 0.211414
0.695000 0.041667 0.210253
0.695000 0.058333 0.208517
0.695000 0.075000 0.206209
0.695000 0.091667 0.203335
0.695000 0.108333 0.199904
0.695000 0.125000 0.195926
0.695000 0.141667 0.191410
0.695000 0.158333 0.186370
0.695000 0.175000 0.180819
0.695000 0.191667 0.174772
0.695000 0.208333 0.168247
0.695000 0.225000 0.161260
0.695000 0.241667 0.153831
0.695000 0.258333 0.145980
0.695000 0.275000 0.137730
0.695000 0.291667 0.129102
0.695000 0.308333 0.120119
0.695000 0.325000 0.110808
0.695000 0.341667 0.101193
0.695000 0.358333 0.091300
0.695000 0.375000 0.081157
0.695000 0.391667 0.070792
0.695000 0.408333 0.060233
0.695000 0.425000 0.049508
0.695000 0.441667 0.038648
0.695000 0.458333 0.027681
0.695000 0.475000 0.016639
0.695000 0.491667 0.005552
0.705000 0.008333 0.207995
0.705000 0.025000 0.207425
0.705000 0.041667 0.206287
0.705000 0.058333 0.204583
0.705000 0.075000 0.202318
0.705000 0.091667 0.199499
0.705000 0.108333 0.196133
0.705000 0.125000 0.192230
0.705000 0.141667 0.187799
0.705000 0.158333 0.182854
0.705000 0.175000 0.177408
0.705000 0.191667 0.171475
0.705000 0.208333 0.165073
0.705000 0.225000 0.158218
0.705000 0.241667 0.150929
0.705000 0.258333 0.143227
0.705000 0.275000 0.135132
0.705000 0.291667 0.126666
0.705000 0.308333 0.117854
0.705000 0.325000 0.108718
0.705000 0.341667 0.099284
0.705000 0.358333 0.089578
0.705000 0.375000 0.079627
0.705000 0.391667 0.069457
0.705000 0.408333 0.059097
0.705000 0.425000 0.048574
0.705000 0.441667 0.037919
0.705000 0.458333 0.027159
0.705000 0.475000 0.016325
0.705000 0.491667 0.005447
0.715000 0.008333 0.203796
0.715000 0.025000 0.203237
0.715000 0.041667 0.202122
0.715000 0.058333 0.200452
0.715000 0.075000 0.198233
0.715000 0.091667 0.195471
0.715000 0.108333 0.192173
0.715000 0.125000 0.188349
0.715000 0.141667 0.184008
0.715000 0.158333 0.179162
0.715000 0.175000 0.173826
0.715000 0.191667 0.168013
0.715000 0.208333 0.161740
0.715000 0.225000 0.155024
0.715000 0.241667 0.147882
0.715000 0.258333 0.140335
0.715000 0.275000 0.132404
0.715000 0.291667 0.124109
0.715000 0.308333 0.115474
0.715000 0.325000 0.106523
0.715000 0.341667 0.097280
0.715000 0.358333 0.087770
0.715000 0.375000 0.078019
0.715000 0.391667 0.068055
0.715000 0.408333 0.057904
0.715000 0.425000 0.047594
0.715000 0.441667 0.037153
0.715000 0.458333 0.026611
0.715000 0.475000 0.015996
0.715000 0.491667 0.005337
0.725000 0.008333 0.199396
0.725000 0.025000 0.198850
0.725000 0.041667 0.197758
0.725000 0.058333 0.196125
0.725000 0.075000 0.193954
0.725000 0.091667 0.191251
0.725000 0.108333 0.188025
0.725000 0.125000 0.184283
0.725000 0.141667 0.180035
0.725000 0.158333 0.175295
0.725000 0.175000 0.170074
0.725000 0.191667 0.164387
0.725000 0.208333 0.158249
0.725000 0.225000 0.151677
0.725000 0.241667 0.144690
0.725000 0.258333 0.137306
0.725000 0.275000 0.129546
0.725000 0.291667 0.121430
0.725000 0.308333 0.112982
0.725000 0.325000 0.104224
0.725000 0.341667 0.095180
0.725000 0.358333 0.085875
0.725000 0.375000 0.076335
0.725000 0.391667 0.066586
0.725000 0.408333 0.056654
0.725000 0.425000 0.046567
0.725000 0.441667 0.036352
0.725000 0.458333 0.026037
0.725000 0.475000 0.015651
0.725000 0.491667 0.005222
0.735000 0.008333 0.194797
0.735000 0.025000 0.194263
0.735000 0.041667 0.193197
0.735000 0.058333 0.191601
0.735000 0.075000 0.189480
0.735000 0.091667 0.186840
0.735000 0.108333 0.183687
0.735000 0.125000 0.180032
0.735000 0.141667 0.175883
0.735000 0.158333 0.171251
0.735000 0.175000 0.166151
0.735000 0.191667 0.160595
0.735000 0.208333 0.154599
0.735000 0.225000 0.148179
0.735000 0.241667 0.141353
0.735000 0.258333 0.134139
0.735000 0.275000 0.126558
0.735000 0.291667 0.118630
0.735000 0.308333 0.110376
0.735000 0.325000 0.101820
0.735000 0.341667 0.092985
0.735000 0.358333 0.083895
0.735000 0.375000 0.074575
0.735000 0.391667 0.065050
0.735000 0.408333 0.055347
0.735000 0.425000 0.045493
0.735000 0.441667 0.035513
0.735000 0.458333 0.025436
0.735000 0.475000 0.015290
0.735000 0.491667 0.005101
0.745000 0.008333 0.189997
0.745000 0.025000 0.189476
0.745000 0.041667 0.188436
0.745000 0.058333 0.186880
0.745000 0.075000 0.184811
0.745000 0.091667 0.182236
0.745000 0.108333 0.179162
0.745000 0.125000 0.175596
0.745000 0.141667 0.171549
0.745000 0.158333 0.167032
0.745000 0.175000 0.162057
0.745000 0.191667 0.156638
0.745000 0.208333 0.150790
0.745000 0.225000 0.144528
0.745000 0.241667 0.137870
0.745000 0.258333 0.130835
0.745000 0.275000 0.123440
0.745000 0.291667 0.115707
0.745000 0.308333 0.107657
0.745000 0.325000 0.099312
0.745000 0.341667 0.090695
0.745000 0.358333 0.081828
0.745000 0.375000 0.072738
0.745000 0.391667 0.063448
0.745000 0.408333 0.053984
0.745000 0.425000 0.044372
0.745000 0.441667 0.034638
0.745000 0.458333 0.024810
0.745000 0.475000 0.014913
0.745000 0.491667 0.004976
0.755000 0.008333 0.184998
0.755000 0.025000 0.184491
0.755000 0.041667 0.183478
0.755000 0.058333 0.181963
0.755000 0.075000 0.179948
0.755000 0.091667 0.177441
0.755000 0.108333 0.174448
0.755000 0.125000 0.170976
0.755000 0.141667 0.167035
0.755000 0.158333 0.162637
0.755000 0.175000 0.157793
0.755000 0.191667 0.152517
0.755000 0.208333 0.146822
0.755000 0.225000 0.140726
0.755000 0.241667 0.134243
0.755000 0.258333 0.127392
0.755000 0.275000 0.120192
0.755000 0.291667 0.112663
0.755000 0.308333 0.104825
0.755000 0.325000 0.096699
0.755000 0.341667 0.088309
0.755000 0.358333 0.079676
0.755000 0.375000 0.070824
0.755000 0.391667 0.061779
0.755000 0.408333 0.052564
0.755000 0.425000 0.043205
0.755000 0.441667 0.033727
0.755000 0.458333 0.024157
0.755000 0.475000 0.014521
0.755000 0.491667 0.004845
0.765000 0.008333 0.179798
0.765000 0.025000 0.179305
0.765000 0.041667 0.178321
0.765000 0.058333 0.176848
0.765000 0.075000 0.174891
0.765000 0.091667 0.172454
0.765000 0.108333 0.169545
0.765000 0.125000 0.166171
0.765000 0.141667 0.162341
0.765000 0.158333 0.158066
0.765000 0.175000 0.153359
0.765000 0.191667 0.148231
0.765000 0.208333 0.142696
0.765000 0.225000 0.136771
0.765000 0.241667 0.130470
0.765000 0.258333 0.123812
0.765000 0.275000 0.116815
0.765000 0.291667 0.109497
0.765000 0.308333 0.101879
0.765000 0.325000 0.093982
0.765000 0.341667 0.085827
0.765000 0.358333 0.077437
0.765000 0.375000 0.068834
0.765000 0.391667 0.060043
0.765000 0.408333 0.051087
0.765000 0.425000 0.041991
0.765000 0.441667 0.032780
0.765000 0.458333 0.023479
0.765000 0.475000 0.014113
0.765000 0.491667 0.004709
0.775000 0.008333 0.174399
0.775000 0.025000 0.173921
0.775000 0.041667 0.172966
0.775000 0.058333 0.171538
0.775000 0.075000 0.169639
0.775000 0.091667 0.167275
0.775000 0.108333 0.164453
0.775000 0.125000 0.161180
0.775000 0.141667 0.157466
0.775000 0.158333 0.153320
0.775000 0.175000 0.148754
0.775000 0.191667 0.143780
0.775000 0.208333 0.138411
0.775000 0.225000 0.132664
0.775000 0.241667 0.126553
0.775000 0.258333 0.120095
0.775000 0.275000 0.113307
0.775000 0.291667 0.106210
0.775000 0.308333 0.098820
0.775000 0.325000 0.091160
0.775000 0.341667 0.083250
0.775000 0.358333 0.075112
0.775000 0.375000 0.066768
0.775000 0.391667 0.058241
0.775000 0.408333 0.049553
0.775000 0.425000 0.040730
0.775000 0.441667 0.031796
0.775000 0.458333 0.022774
0.775000 0.475000 0.013689
0.775000 0.491667 0.004567
0.785000 0.008333 0.168799
0.785000 0.025000 0.168336
0.785000 0.041667 0.167413
0.785000 0.058333 0.166030
0.785000 0.075000 0.164192
0.785000 0.091667 0.161905
0.785000 0.108333 0.159173
0.785000 0.125000 0.156006
0.785000 0.141667 0.152410
0.785000 0.158333 0.148397
0.785000 0.175000 0.143978
0.785000 0.191667 0.139164
0.785000 0.208333 0.133968
0.785000 0.225000 0.128405
0.785000 0.241667 0.122490
0.785000 0.258333 0.116239
0.785000 0.275000 0.109670
0.785000 0.291667 0.102800
0.785000 0.308333 0.095648
0.785000 0.325000 0.088234
0.785000 0.341667 0.080578
0.785000 0.358333 0.072701
0.785000 0.375000 0.064625
0.785000 0.391667 0.056371
0.785000 0.408333 0.047963
0.785000 0.425000 0.039423
0.785000 0.441667 0.030775
0.785000 0.458333 0.022043
0.785000 0.475000 0.013250
0.785000 0.491667 0.004421
0.795000 0.008333 0.163000
0.795000 0.025000 0.162553
0.795000 0.041667 0.161661
0.795000 0.058333 0.160326
0.795000 0.075000 0.158551
0.795000 0.091667 0.156342
0.795000 0.108333 0.153705
0.795000 0.125000 0.150646
0.795000 0.141667 0.147174
0.795000 0.158333 0.143299
0.795000 0.175000 0.139032
0.795000 0.191667 0.134383
0.795000 0.208333 0.129366
0.795000 0.225000 0.123994
0.795000 0.241667 0.118282
0.795000 0.258333 0.112246
0.795000 0.275000 0.105903
0.795000 0.291667 0.099269
0.795000 0.308333 0.092363
0.795000 0.325000 0.085204
0.795000 0.341667 0.077811
0.795000 0.358333 0.070204
0.795000 0.375000 0.062405
0.795000 0.391667 0.054435
0.795000 0.408333 0.046316
0.795000 0.425000 0.038069
0.795000 0.441667 0.029718
0.795000 0.458333 0.021286
0.795000 0.475000 0.012795
0.795000 0.491667 0.004269
0.805000 0.008333 0.157000
0.805000 0.025000 0.156570
0.805000 0.041667 0.155711
0.805000 0.058333 0.154425
0.805000 0.075000 0.152715
0.805000 0.091667 0.150588
0.805000 0.108333 0.148047
0.805000 0.125000 0.145101
0.805000 0.141667 0.141758
0.805000 0.158333 0.138025
0.805000 0.175000 0.133915
0.805000 0.191667 0.129437
0.805000 0.208333 0.124605
0.805000 0.225000 0.119431
0.805000 0.241667 0.113929
0.805000 0.258333 0.108116
0.805000 0.275000 0.102006
0.805000 0.291667 0.095616
0.805000 0.308333 0.088964
0.805000 0.325000 0.082068
0.805000 0.341667 0.074947
0.805000 0.358333 0.067621
0.805000 0.375000 0.060109
0.805000 0.391667 0.052432
0.805000 0.408333 0.044612
0.805000 0.425000 0.036669
0.805000 0.441667 0.028625
0.805000 0.458333 0.020503
0.805000 0.475000 0.012324
0.805000 0.491667 0.004112
0.815000 0.008333 0.150800
0.815000 0.025000 0.150387
0.815000 0.041667 0.149562
0.815000 0.058333 0.148327
0.815000 0.075000 0.146685
0.815000 0.091667 0.144642
0.815000 0.108333 0.142202
0.815000 0.125000 0.139372
0.815000 0.141667 0.136160
0.815000 0.158333 0.132575
0.815000 0.175000 0.128627
0.815000 0.191667 0.124327
0.815000 0.208333 0.119685
0.815000 0.225000 0.114715
0.815000 0.241667 0.109431
0.815000 0.258333 0.103847
0.815000 0.275000 0.097979
0.815000 0.291667 0.091841
0.815000 0.308333 0.085452
0.815000 0.325000 0.078829
0.815000 0.341667 0.071989
0.815000 0.358333 0.064952
0.815000 0.375000 0.057737
0.815000 0.391667 0.050363
0.815000 0.408333 0.042851
0.815000 0.425000 0.035222
0.815000 0.441667 0.027495
0.815000 0.458333 0.019694
0.815000 0.475000 0.011838
0.815000 0.491667 0.003950
0.825000 0.008333 0.144401
0.825000 0.025000 0.144005
0.825000 0.041667 0.143215
0.825000 0.058333 0.142032
0.825000 0.075000 0.140460
0.825000 0.091667 0.138504
0.825000 0.108333 0.136167
0.825000 0.125000 0.133458
0.825000 0.141667 0.130382
0.825000 0.158333 0.126950
0.825000 0.175000 0.123169
0.825000 0.191667 0.119051
0.825000 0.208333 0.114607
0.825000 0.225000 0.109848
0.825000 0.241667 0.104788
0.825000 0.258333 0.099441
0.825000 0.275000 0.093822
0.825000 0.291667 0.087945
0.825000 0.308333 0.081827
0.825000 0.325000 0.075485
0.825000 0.341667 0.068935
0.825000 0.358333 0.062197
0.825000 0.375000 0.055288
0.825000 0.391667 0.048227
0.825000 0.408333 0.041034
0.825000 0.425000 0.033728
0.825000 0.441667 0.026329
0.825000 0.458333 0.018858
0.825000 0.475000 0.011336
0.825000 0.491667 0.003782
0.835000 0.008333 0.137801
0.835000 0.025000 0.137424
0.835000 0.041667 0.136670
0.835000 0.058333 0.135541
0.835000 0.075000 0.134041
0.835000 0.091667 0.132174
0.835000 0.108333 0.129944
0.835000 0.125000 0.127359
0.835000 0.141667 0.124424
0.835000 0.158333 0.121148
0.835000 0.175000 0.117541
0.835000 0.191667 0.113611
0.835000 0.208333 0.109370
0.835000 0.225000 0.104829
0.835000 0.241667 0.100000
0.835000 0.258333 0.094898
0.835000 0.275000 0.089535
0.835000 0.291667 0.083927
0.835000 0.308333 0.078089
0.835000 0.325000 0.072036
0.835000 0.341667 0.065786
0.835000 0.358333 0.059355
0.835000 0.375000 0.052762
0.835000 0.391667 0.046024
0.835000 0.408333 0.039159
0.835000 0.425000 0.032187
0.835000 0.441667 0.025127
0.835000 0.458333 0.017997
0.835000 0.475000 0.010818
0.835000 0.491667 0.003609
0.845000 0.008333 0.131002
0.845000 0.025000 0.130643
0.845000 0.041667 0.129926
0.845000 0.058333 0.128853
0.845000 0.075000 0.127427
0.845000 0.091667 0.125652
0.845000 0.108333 0.123533
0.845000 0.125000 0.121075
0.845000 0.141667 0.118285
0.845000 0.158333 0.115171
0.845000 0.175000 0.111742
0.845000 0.191667 0.108006
0.845000 0.208333 0.103974
0.845000 0.225000 0.099657
0.845000 0.241667 0.095067
0.845000 0.258333 0.090216
0.845000 0.275000 0.085118
0.845000 0.291667 0.079787
0.845000 0.308333 0.074237
0.845000 0.325000 0.068483
0.845000 0.341667 0.062541
0.845000 0.358333 0.056428
0.845000 0.375000 0.050160
0.845000 0.391667 0.043754
0.845000 0.408333 0.037228
0.845000 0.425000 0.030600
0.845000 0.441667 0.023888
0.845000 0.458333 0.017110
0.845000 0.475000 0.010285
0.845000 0.491667 0.003431
0.855000 0.008333 0.124002
0.855000 0.025000 0.123663
0.855000 0.041667 0.122984
0.855000 0.058333 0.121969
0.855000 0.075000 0.120619
0.855000 0.091667 0.118939
0.855000 0.108333 0.116933
0.855000 0.125000 0.114606
0.855000 0.141667 0.111966
0.855000 0.158333 0.109018
0.855000 0.175000 0.105772
0.855000 0.191667 0.102236
0.855000 0.208333 0.098420
0.855000 0.225000 0.094334
0.855000 0.241667 0.089989
0.855000 0.258333 0.085397
0.855000 0.275000 0.080572
0.855000 0.291667 0.075525
0.855000 0.308333 0.070272
0.855000 0.325000 0.064825
0.855000 0.341667 0.059201
0.855000 0.358333 0.053415
0.855000 0.375000 0.047481
0.855000 0.391667 0.041418
0.855000 0.408333 0.035241
0.855000 0.425000 0.028966
0.855000 0.441667 0.022612
0.855000 0.458333 0.016196
0.855000 0.475000 0.009736
0.855000 0.491667 0.003248
0.865000 0.008333 0.116803
0.865000 0.025000 0.116483
0.865000 0.041667 0.115844
0.865000 0.058333 0.114887
0.865000 0.075000 0.113616
0.865000 0.091667 0.112033
0.865000 0.108333 0.110144
0.865000 0.125000 0.107953
0.865000 0.141667 0.105466
0.865000 0.158333 0.102689
0.865000 0.175000 0.099632
0.865000 0.191667 0.096301
0.865000 0.208333 0.092707
0.865000 0.225000 0.088858
0.865000 0.241667 0.084765
0.865000 0.258333 0.080441
0.865000 0.275000 0.075895
0.865000 0.291667 0.071142
0.865000 0.308333 0.066194
0.865000 0.325000 0.061064
0.865000 0.341667 0.055766
0.865000 0.358333 0.050315
0.865000 0.375000 0.044727
0.865000 0.391667 0.039015
0.865000 0.408333 0.033196
0.865000 0.425000 0.027286
0.865000 0.441667 0.021301
0.865000 0.458333 0.015257
0.865000 0.475000 0.009171
0.865000 0.491667 0.003060
0.875000 0.008333 0.109403
0.875000 0.025000 0.109103
0.875000 0.041667 0.108505
0.875000 0.058333 0.107609
0.875000 0.075000 0.106419
0.875000 0.091667 0.104936
0.875000 0.108333 0.103167
0.875000 0.125000 0.101114
0.875000 0.141667 0.098785
0.875000 0.158333 0.096185
0.875000 0.175000 0.093321
0.875000 0.191667 0.090202
0.875000 0.208333 0.086835
0.875000 0.225000 0.083230
0.875000 0.241667 0.079397
0.875000 0.258333 0.075346
0.875000 0.275000 0.071089
0.875000 0.291667 0.066637
0.875000 0.308333 0.062002
0.875000 0.325000 0.057197
0.875000 0.341667 0.052235
0.875000 0.358333 0.047130
0.875000 0.375000 0.041895
0.875000 0.391667 0.036545
0.875000 0.408333 0.031095
0.875000 0.425000 0.025559
0.875000 0.441667 0.019953
0.875000 0.458333 0.014291
0.875000 0.475000 0.008591
0.875000 0.491667 0.002866
0.885000 0.008333 0.101803
0.885000 0.025000 0.101525
0.885000 0.041667 0.100968
0.885000 0.058333 0.100134
0.885000 0.075000 0.099027
0.885000 0.091667 0.097647
0.885000 0.108333 0.096001
0.885000 0.125000 0.094091
0.885000 0.141667 0.091924
0.885000 0.158333 0.089504
0.885000 0.175000 0.086840
0.885000 0.191667 0.083937
0.885000 0.208333 0.080804
0.885000 0.225000 0.077450
0.885000 0.241667 0.073884
0.885000 0.258333 0.070114
0.885000 0.275000 0.066153
0.885000 0.291667 0.062010
0.885000 0.308333 0.057697
0.885000 0.325000 0.053226
0.885000 0.341667 0.048609
0.885000 0.358333 0.043858
0.885000 0.375000 0.038987
0.885000 0.391667 0.034009
0.885000 0.408333 0.028937
0.885000 0.425000 0.023786
0.885000 0.441667 0.018568
0.885000 0.458333 0.013300
0.885000 0.475000 0.007995
0.885000 0.491667 0.002667
0.895000 0.008333 0.094004
0.895000 0.025000 0.093746
0.895000 0.041667 0.093232
0.895000 0.058333 0.092463
0.895000 0.075000 0.091440
0.895000 0.091667 0.090167
0.895000 0.108333 0.088646
0.895000 0.125000 0.086883
0.895000 0.141667 0.084882
0.895000 0.158333 0.082648
0.895000 0.175000 0.080188
0.895000 0.191667 0.077508
0.895000 0.208333 0.074615
0.895000 0.225000 0.071518
0.895000 0.241667 0.068225
0.895000 0.258333 0.064745
0.895000 0.275000 0.061087
0.895000 0.291667 0.057262
0.895000 0.308333 0.053279
0.895000 0.325000 0.049151
0.895000 0.341667 0.044887
0.895000 0.358333 0.040501
0.895000 0.375000 0.036003
0.895000 0.391667 0.031406
0.895000 0.408333 0.026723
0.895000 0.425000 0.021966
0.895000 0.441667 0.017148
0.895000 0.458333 0.012283
0.895000 0.475000 0.007383
0.895000 0.491667 0.002463
0.905000 0.008333 0.086004
0.905000 0.025000 0.085769
0.905000 0.041667 0.085298
0.905000 0.058333 0.084594
0.905000 0.075000 0.083659
0.905000 0.091667 0.082494
0.905000 0.108333 0.081103
0.905000 0.125000 0.079491
0.905000 0.141667 0.077660
0.905000 0.158333 0.075616
0.905000 0.175000 0.073365
0.905000 0.191667 0.070914
0.905000 0.208333 0.068267
0.905000 0.225000 0.065434
0.905000 0.241667 0.062421
0.905000 0.258333 0.059237
0.905000 0.275000 0.055891
0.905000 0.291667 0.052391
0.905000 0.308333 0.048748
0.905000 0.325000 0.044971
0.905000 0.341667 0.041071
0.905000 0.358333 0.037057
0.905000 0.375000 0.032942
0.905000 0.391667 0.028736
0.905000 0.408333 0.024451
0.905000 0.425000 0.020099
0.905000 0.441667 0.015691
0.905000 0.458333 0.011239
0.905000 0.475000 0.006756
0.905000 0.491667 0.002254
0.915000 0.008333 0.077804
0.915000 0.025000 0.077591
0.915000 0.041667 0.077166
0.915000 0.058333 0.076529
0.915000 0.075000 0.075683
0.915000 0.091667 0.074630
0.915000 0.108333 0.073372
0.915000 0.125000 0.071913
0.915000 0.141667 0.070257
0.915000 0.158333 0.068408
0.915000 0.175000 0.066373
0.915000 0.191667 0.064155
0.915000 0.208333 0.061761
0.915000 0.225000 0.059198
0.915000 0.241667 0.056473
0.915000 0.258333 0.053592
0.915000 0.275000 0.050565
0.915000 0.291667 0.047400
0.915000 0.308333 0.044104
0.915000 0.325000 0.040687
0.915000 0.341667 0.037158
0.915000 0.358333 0.033528
0.915000 0.375000 0.029805
0.915000 0.391667 0.026000
0.915000 0.408333 0.022124
0.915000 0.425000 0.018186
0.915000 0.441667 0.014198
0.915000 0.458333 0.010170
0.915000 0.475000 0.006113
0.915000 0.491667 0.002040
0.925000 0.008333 0.069405
0.925000 0.025000 0.069215
0.925000 0.041667 0.068835
0.925000 0.058333 0.068268
0.925000 0.075000 0.067513
0.925000 0.091667 0.066574
0.925000 0.108333 0.065452
0.925000 0.125000 0.064151
0.925000 0.141667 0.062674
0.925000 0.158333 0.061025
0.925000 0.175000 0.059209
0.925000 0.191667 0.057231
0.925000 0.208333 0.055096
0.925000 0.225000 0.052810
0.925000 0.241667 0.050379
0.925000 0.258333 0.047810
0.925000 0.275000 0.045110
0.925000 0.291667 0.042286
0.925000 0.308333 0.039346
0.925000 0.325000 0.036298
0.925000 0.341667 0.033151
0.925000 0.358333 0.029912
0.925000 0.375000 0.026591
0.925000 0.391667 0.023197
0.925000 0.408333 0.019739
0.925000 0.425000 0.016226
0.925000 0.441667 0.012668
0.925000 0.458333 0.009075
0.925000 0.475000 0.005455
0.925000 0.491667 0.001820
0.935000 0.008333 0.060805
0.935000 0.025000 0.060638
0.935000 0.041667 0.060306
0.935000 0.058333 0.059809
0.935000 0.075000 0.059148
0.935000 0.091667 0.058326
0.935000 0.108333 0.057343
0.935000 0.125000 0.056203
0.935000 0.141667 0.054910
0.935000 0.158333 0.053466
0.935000 0.175000 0.051875
0.935000 0.191667 0.050142
0.935000 0.208333 0.048272
0.935000 0.225000 0.046269
0.935000 0.241667 0.044140
0.935000 0.258333 0.041889
0.935000 0.275000 0.039524
0.935000 0.291667 0.037050
0.935000 0.308333 0.034475
0.935000 0.325000 0.031805
0.935000 0.341667 0.029048
0.935000 0.358333 0.026211
0.935000 0.375000 0.023301
0.935000 0.391667 0.020328
0.935000 0.408333 0.017298
0.935000 0.425000 0.014221
0.935000 0.441667 0.011103
0.935000 0.458333 0.007954
0.935000 0.475000 0.004782
0.935000 0.491667 0.001595
0.945000 0.008333 0.052005
0.945000 0.025000 0.051863
0.945000 0.041667 0.051579
0.945000 0.058333 0.051154
0.945000 0.075000 0.050589
0.945000 0.091667 0.049886
0.945000 0.108333 0.049046
0.945000 0.125000 0.048071
0.945000 0.141667 0.046965
0.945000 0.158333 0.045730
0.945000 0.175000 0.044370
0.945000 0.191667 0.042889
0.945000 0.208333 0.041289
0.945000 0.225000 0.039577
0.945000 0.241667 0.037756
0.945000 0.258333 0.035832
0.945000 0.275000 0.033809
0.945000 0.291667 0.031693
0.945000 0.308333 0.029491
0.945000 0.325000 0.027208
0.945000 0.341667 0.024849
0.945000 0.358333 0.022423
0.945000 0.375000 0.019935
0.945000 0.391667 0.017392
0.945000 0.408333 0.014801
0.945000 0.425000 0.012168
0.945000 0.441667 0.009501
0.945000 0.458333 0.006807
0.945000 0.475000 0.004093
0.945000 0.491667 0.001366
0.955000 0.008333 0.043005
0.955000 0.025000 0.042887
0.955000 0.041667 0.042653
0.955000 0.058333 0.042302
0.955000 0.075000 0.041835
0.955000 0.091667 0.041254
0.955000 0.108333 0.040560
0.955000 0.125000 0.039754
0.955000 0.141667 0.038840
0.955000 0.158333 0.037820
0.955000 0.175000 0.036695
0.955000 0.191667 0.035470
0.955000 0.208333 0.034148
0.955000 0.225000 0.032732
0.955000 0.241667 0.031227
0.955000 0.258333 0.029636
0.955000 0.275000 0.027964
0.955000 0.291667 0.026214
0.955000 0.308333 0.024393
0.955000 0.325000 0.022506
0.955000 0.341667 0.020556
0.955000 0.358333 0.018550
0.955000 0.375000 0.016492
0.955000 0.391667 0.014389
0.955000 0.408333 0.012247
0.955000 0.425000 0.010070
0.955000 0.441667 0.007864
0.955000 0.458333 0.005635
0.955000 0.475000 0.003389
0.955000 0.491667 0.001131
0.965000 0.008333 0.033804
0.965000 0.025000 0.033712
0.965000 0.041667 0.033529
0.965000 0.058333 0.033253
0.965000 0.075000 0.032887
0.965000 0.091667 0.032431
0.965000 0.108333 0.031885
0.965000 0.125000 0.031253
0.965000 0.141667 0.030535
0.965000 0.158333 0.029733
0.965000 0.175000 0.028849
0.965000 0.191667 0.027887
0.965000 0.208333 0.026848
0.965000 0.225000 0.025736
0.965000 0.241667 0.024553
0.965000 0.258333 0.023303
0.965000 0.275000 0.021988
0.965000 0.291667 0.020614
0.965000 0.308333 0.019183
0.965000 0.325000 0.017699
0.965000 0.341667 0.016167
0.965000 0.358333 0.014590
0.965000 0.375000 0.012973
0.965000 0.391667 0.011320
0.965000 0.408333 0.009636
0.965000 0.425000 0.007925
0.965000 0.441667 0.006191
0.965000 0.458333 0.004438
0.965000 0.475000 0.002670
0.965000 0.491667 0.000891
0.975000 0.008333 0.024404
0.975000 0.025000 0.024338
0.975000 0.041667 0.024206
0.975000 0.058333 0.024008
0.975000 0.075000 0.023744
0.975000 0.091667 0.023415
0.975000 0.108333 0.023022
0.975000 0.125000 0.022566
0.975000 0.141667 0.022049
0.975000 0.158333 0.021470
0.975000 0.175000 0.020833
0.975000 0.191667 0.020139
0.975000 0.208333 0.019390
0.975000 0.225000 0.018587
0.975000 0.241667 0.017734
0.975000 0.258333 0.016832
0.975000 0.275000 0.015883
0.975000 0.291667 0.014892
0.975000 0.308333 0.013859
0.975000 0.325000 0.012788
0.975000 0.341667 0.011682
0.975000 0.358333 0.010544
0.975000 0.375000 0.009377
0.975000 0.391667 0.008184
0.975000 0.408333 0.006969
0.975000 0.425000 0.005733
0.975000 0.441667 0.004481
0.975000 0.458333 0.003215
0.975000 0.475000 0.001937
0.975000 0.491667 0.000646
0.985000 0.008333 0.014803
0.985000 0.025000 0.014764
0.985000 0.041667 0.014685
0.985000 0.058333 0.014566
0.985000 0.075000 0.014407
0.985000 0.091667 0.014208
0.985000 0.108333 0.013971
0.985000 0.125000 0.013695
0.985000 0.141667 0.013382
0.985000 0.158333 0.013032
0.985000 0.175000 0.012647
0.985000 0.191667 0.012226
0.985000 0.208333 0.011773
0.985000 0.225000 0.011286
0.985000 0.241667 0.010770
0.985000 0.258333 0.010223
0.985000 0.275000 0.009648
0.985000 0.291667 0.009047
0.985000 0.308333 0.008422
0.985000 0.325000 0.007773
0.985000 0.341667 0.007102
0.985000 0.358333 0.006413
0.985000 0.375000 0.005705
0.985000 0.391667 0.004982
0.985000 0.408333 0.004245
0.985000 0.425000 0.003496
0.985000 0.441667 0.002736
0.985000 0.458333 0.001968
0.985000 0.475000 0.001190
0.985000 0.491667 0.000395
0.995000 0.008333 0.005001
0.995000 0.025000 0.004991
0.995000 0.041667 0.004966
0.995000 0.058333 0.004927
0.995000 0.075000 0.004875
0.995000 0.091667 0.004809
0.995000 0.108333 0.004731
0.995000 0.125000 0.004639
0.995000 0.141667 0.004535
0.995000 0.158333 0.004418
0.995000 0.175000 0.004289
0.995000 0.191667 0.004149
0.995000 0.208333 0.003997
0.995000 0.225000 0.003834
0.995000 0.241667 0.003660
0.995000 0.258333 0.003477
0.995000 0.275000 0.003284
0.995000 0.291667 0.003082
0.995000 0.308333 0.002871
0.995000 0.325000 0.002653
0.995000 0.341667 0.002427
0.995000 0.358333 0.002195
0.995000 0.375000 0.001956
0.995000 0.391667 0.001713
0.995000 0.408333 0.001464
0.995000 0.425000 0.001211
0.995000 0.441667 0.000955
0.995000 0.458333 0.000696
0.995000 0.475000 0.000434
0.995000 0.491667 0.000136
