0.016667 0.016667 0.016666
0.016667 0.050000 0.016483
0.016667 0.083333 0.016120
0.016667 0.116667 0.015580
0.016667 0.150000 0.014870
0.016667 0.183333 0.013996
0.016667 0.216667 0.012969
0.016667 0.250000 0.011801
0.016667 0.283333 0.010502
0.016667 0.316667 0.009089
0.016667 0.350000 0.007576
0.016667 0.383333 0.005981
0.016667 0.416667 0.004319
0.016667 0.450000 0.002611
0.016667 0.483333 0.000873
0.050000 0.016667 0.047778
0.050000 0.050000 0.047254
0.050000 0.083333 0.046213
0.050000 0.116667 0.044665
0.050000 0.150000 0.042629
0.050000 0.183333 0.040125
0.050000 0.216667 0.037181
0.050000 0.250000 0.033830
0.050000 0.283333 0.030109
0.050000 0.316667 0.026057
0.050000 0.350000 0.021720
0.050000 0.383333 0.017146
0.050000 0.416667 0.012383
0.050000 0.450000 0.007484
0.050000 0.483333 0.002504
0.083333 0.016667 0.076670
0.083333 0.050000 0.075830
0.083333 0.083333 0.074159
0.083333 0.116667 0.071676
0.083333 0.150000 0.068407
0.083333 0.183333 0.064389
0.083333 0.216667 0.059666
0.083333 0.250000 0.054288
0.083333 0.283333 0.048316
0.083333 0.316667 0.041815
0.083333 0.350000 0.034855
0.083333 0.383333 0.027514
0.083333 0.416667 0.019871
0.083333 0.450000 0.012010
0.083333 0.483333 0.004018
0.116667 0.016667 0.103342
0.116667 0.050000 0.102210
0.116667 0.083333 0.099958
0.116667 0.116667 0.096611
0.116667 0.150000 0.092205
0.116667 0.183333 0.086789
0.116667 0.216667 0.080422
0.116667 0.250000 0.073175
0.116667 0.283333 0.065125
0.116667 0.316667 0.056362
0.116667 0.350000 0.046981
0.116667 0.383333 0.037086
0.116667 0.416667 0.026784
0.116667 0.450000 0.016189
0.116667 0.483333 0.005416
0.150000 0.016667 0.127794
0.150000 0.050000 0.126394
0.150000 0.083333 0.123609
0.150000 0.116667 0.119470
0.150000 0.150000 0.114022
0.150000 0.183333 0.107325
0.150000 0.216667 0.099451
0.150000 0.250000 0.090489
0.150000 0.283333 0.080534
0.150000 0.316667 0.069698
0.150000 0.350000 0.058097
0.150000 0.383333 0.045861
0.150000 0.416667 0.033121
0.150000 0.450000 0.020019
0.150000 0.483333 0.006697
0.183333 0.016667 0.150026
0.183333 0.050000 0.148382
0.183333 0.083333 0.145113
0.183333 0.116667 0.140254
0.183333 0.150000 0.133858
0.183333 0.183333 0.125995
0.183333 0.216667 0.116753
0.183333 0.250000 0.106231
0.183333 0.283333 0.094545
0.183333 0.316667 0.081823
0.183333 0.350000 0.068204
0.183333 0.383333 0.053839
0.183333 0.416667 0.038883
0.183333 0.450000 0.023502
0.183333 0.483333 0.007863
0.216667 0.016667 0.170037
0.216667 0.050000 0.168174
0.216667 0.083333 0.164469
0.216667 0.116667 0.158961
0.216667 0.150000 0.151712
0.216667 0.183333 0.142801
0.216667 0.216667 0.132325
0.216667 0.250000 0.120400
0.216667 0.283333 0.107155
0.216667 0.316667 0.092737
0.216667 0.350000 0.077302
0.216667 0.383333 0.061020
0.216667 0.416667 0.044070
0.216667 0.450000 0.026636
0.216667 0.483333 0.008911
0.250000 0.016667 0.187827
0.250000 0.050000 0.185769
0.250000 0.083333 0.181676
0.250000 0.116667 0.175592
0.250000 0.150000 0.167585
0.250000 0.183333 0.157742
0.250000 0.216667 0.146170
0.250000 0.250000 0.132997
0.250000 0.283333 0.118367
0.250000 0.316667 0.102439
0.250000 0.350000 0.085390
0.250000 0.383333 0.067404
0.250000 0.416667 0.048681
0.250000 0.450000 0.029423
0.250000 0.483333 0.009844
0.283333 0.016667 0.203396
0.283333 0.050000 0.201167
0.283333 0.083333 0.196735
0.283333 0.116667 0.190147
0.283333 0.150000 0.181476
0.283333 0.183333 0.170817
0.283333 0.216667 0.158286
0.283333 0.250000 0.144021
0.283333 0.283333 0.128178
0.283333 0.316667 0.110931
0.283333 0.350000 0.092468
0.283333 0.383333 0.072992
0.283333 0.416667 0.052716
0.283333 0.450000 0.031862
0.283333 0.483333 0.010660
0.316667 0.016667 0.216743
0.316667 0.050000 0.214369
0.316667 0.083333 0.209646
0.316667 0.116667 0.202626
0.316667 0.150000 0.193386
0.316667 0.183333 0.182027
0.316667 0.216667 0.168674
0.316667 0.250000 0.153473
0.316667 0.283333 0.136590
0.316667 0.316667 0.118211
0.316667 0.350000 0.098536
0.316667 0.383333 0.077782
0.316667 0.416667 0.056176
0.316667 0.450000 0.033953
0.316667 0.483333 0.011359
0.350000 0.016667 0.227869
0.350000 0.050000 0.225373
0.350000 0.083333 0.220407
0.350000 0.116667 0.213027
0.350000 0.150000 0.203313
0.350000 0.183333 0.191371
0.350000 0.216667 0.177333
0.350000 0.250000 0.161352
0.350000 0.283333 0.143602
0.350000 0.316667 0.124280
0.350000 0.350000 0.103595
0.350000 0.383333 0.081775
0.350000 0.416667 0.059060
0.350000 0.450000 0.035697
0.350000 0.483333 0.011943
0.383333 0.016667 0.236774
0.383333 0.050000 0.234180
0.383333 0.083333 0.229020
0.383333 0.116667 0.221352
0.383333 0.150000 0.211258
0.383333 0.183333 0.198850
0.383333 0.216667 0.184263
0.383333 0.250000 0.167658
0.383333 0.283333 0.149215
0.383333 0.316667 0.129137
0.383333 0.350000 0.107644
0.383333 0.383333 0.084972
0.383333 0.416667 0.061368
0.383333 0.450000 0.037092
0.383333 0.483333 0.012409
0.416667 0.016667 0.243457
0.416667 0.050000 0.240789
0.416667 0.083333 0.235484
0.416667 0.116667 0.227600
0.416667 0.150000 0.217221
0.416667 0.183333 0.204463
0.416667 0.216667 0.189465
0.416667 0.250000 0.172391
0.416667 0.283333 0.153427
0.416667 0.316667 0.132783
0.416667 0.350000 0.110683
0.416667 0.383333 0.087371
0.416667 0.416667 0.063101
0.416667 0.450000 0.038139
0.416667 0.483333 0.012760
0.450000 0.016667 0.247917
0.450000 0.050000 0.245202
0.450000 0.083333 0.239799
0.450000 0.116667 0.231770
0.450000 0.150000 0.221202
0.450000 0.183333 0.208211
0.450000 0.216667 0.192938
0.450000 0.250000 0.175551
0.450000 0.283333 0.156240
0.450000 0.316667 0.135218
0.450000 0.350000 0.112713
0.450000 0.383333 0.088973
0.450000 0.416667 0.064258
0.450000 0.450000 0.038839
0.450000 0.483333 0.012994
0.483333 0.016667 0.250156
0.483333 0.050000 0.247416
0.483333 0.083333 0.241965
0.483333 0.116667 0.233864
0.483333 0.150000 0.223201
0.483333 0.183333 0.210092
0.483333 0.216667 0.194682
0.483333 0.250000 0.177138
0.483333 0.283333 0.157653
0.483333 0.316667 0.136441
0.483333 0.350000 0.113733
0.483333 0.383333 0.089778
0.483333 0.416667 0.064840
0.483333 0.450000 0.039190
0.483333 0.483333 0.013111
0.516667 0.016667 0.250173
0.516667 0.050000 0.247433
0.516667 0.083333 0.241982
0.516667 0.116667 0.233881
0.516667 0.150000 0.223217
0.516667 0.183333 0.210108
0.516667 0.216667 0.194697
0.516667 0.250000 0.177153
0.516667 0.283333 0.157667
0.516667 0.316667 0.136453
0.516667 0.350000 0.113743
0.516667 0.383333 0.089787
0.516667 0.416667 0.064846
0.516667 0.450000 0.039194
0.516667 0.483333 0.013113
0.550000 0.016667 0.247967
0.550000 0.050000 0.245251
0.550000 0.083333 0.239849
0.550000 0.116667 0.231820
0.550000 0.150000 0.221251
0.550000 0.183333 0.208258
0.550000 0.216667 0.192984
0.550000 0.250000 0.175595
0.550000 0.283333 0.156281
0.550000 0.316667 0.135254
0.550000 0.350000 0.112745
0.550000 0.383333 0.088999
0.550000 0.416667 0.064277
0.550000 0.450000 0.038850
0.550000 0.483333 0.012998
0.583333 0.016667 0.243539
0.583333 0.050000 0.240872
0.583333 0.083333 0.235567
0.583333 0.116667 0.227682
0.583333 0.150000 0.217302
0.583333 0.183333 0.204543
0.583333 0.216667 0.189542
0.583333 0.250000 0.172464
0.583333 0.283333 0.153496
0.583333 0.316667 0.132845
0.583333 0.350000 0.110737
0.583333 0.383333 0.087414
0.583333 0.416667 0.063133
0.583333 0.450000 0.038159
0.583333 0.483333 0.012766
0.616667 0.016667 0.236888
0.616667 0.050000 0.234294
0.616667 0.083333 0.229135
0.616667 0.116667 0.221466
0.616667 0.150000 0.211371
0.616667 0.183333 0.198962
0.616667 0.216667 0.184372
0.616667 0.250000 0.167761
0.616667 0.283333 0.149311
0.616667 0.316667 0.129225
0.616667 0.350000 0.107720
0.616667 0.383333 0.085034
0.616667 0.416667 0.061414
0.616667 0.450000 0.037120
0.616667 0.483333 0.012419
0.650000 0.016667 0.228014
0.650000 0.050000 0.225518
0.650000 0.083333 0.220553
0.650000 0.116667 0.213173
0.650000 0.150000 0.203458
0.650000 0.183333 0.191515
0.650000 0.216667 0.177473
0.650000 0.250000 0.161486
0.650000 0.283333 0.143729
0.650000 0.316667 0.124395
0.650000 0.350000 0.103695
0.650000 0.383333 0.081858
0.650000 0.416667 0.059121
0.650000 0.450000 0.035734
0.650000 0.483333 0.011955
0.683333 0.016667 0.216916
0.683333 0.050000 0.214542
0.683333 0.083333 0.209820
0.683333 0.116667 0.202801
0.683333 0.150000 0.193562
0.683333 0.183333 0.182203
0.683333 0.216667 0.168847
0.683333 0.250000 0.153640
0.683333 0.283333 0.136748
0.683333 0.316667 0.118355
0.683333 0.350000 0.098663
0.683333 0.383333 0.077887
0.683333 0.416667 0.056254
0.683333 0.450000 0.034002
0.683333 0.483333 0.011376
0.716667 0.016667 0.203595
0.716667 0.050000 0.201367
0.716667 0.083333 0.196937
0.716667 0.116667 0.190352
0.716667 0.150000 0.181683
0.716667 0.183333 0.171025
0.716667 0.216667 0.158492
0.716667 0.250000 0.144222
0.716667 0.283333 0.128370
0.716667 0.316667 0.111107
0.716667 0.350000 0.092624
0.716667 0.383333 0.073121
0.716667 0.416667 0.052813
0.716667 0.450000 0.031923
0.716667 0.483333 0.010680
0.750000 0.016667 0.188048
0.750000 0.050000 0.185993
0.750000 0.083333 0.181903
0.750000 0.116667 0.175825
0.750000 0.150000 0.167822
0.750000 0.183333 0.157982
0.750000 0.216667 0.146411
0.750000 0.250000 0.133234
0.750000 0.283333 0.118595
0.750000 0.316667 0.102652
0.750000 0.350000 0.085580
0.750000 0.383333 0.067564
0.750000 0.416667 0.048801
0.750000 0.450000 0.029499
0.750000 0.483333 0.009869
0.783333 0.016667 0.170276
0.783333 0.050000 0.168417
0.783333 0.083333 0.164718
0.783333 0.116667 0.159219
0.783333 0.150000 0.151978
0.783333 0.183333 0.143074
0.783333 0.216667 0.132602
0.783333 0.250000 0.120676
0.783333 0.283333 0.107424
0.783333 0.316667 0.092991
0.783333 0.350000 0.077531
0.783333 0.383333 0.061215
0.783333 0.416667 0.044219
0.783333 0.450000 0.026731
0.783333 0.483333 0.008944
0.816667 0.016667 0.150277
0.816667 0.050000 0.148639
0.816667 0.083333 0.145379
0.816667 0.116667 0.140533
0.816667 0.150000 0.134151
0.816667 0.183333 0.126301
0.816667 0.216667 0.117067
0.816667 0.250000 0.106549
0.816667 0.283333 0.094860
0.816667 0.316667 0.082125
0.816667 0.350000 0.068481
0.816667 0.383333 0.054077
0.816667 0.416667 0.039069
0.816667 0.450000 0.023620
0.816667 0.483333 0.007903
0.850000 0.016667 0.128048
0.850000 0.050000 0.126657
0.850000 0.083333 0.123887
0.850000 0.116667 0.119768
0.850000 0.150000 0.114340
0.850000 0.183333 0.107663
0.850000 0.216667 0.099806
0.850000 0.250000 0.090854
0.850000 0.283333 0.080901
0.850000 0.316667 0.070056
0.850000 0.350000 0.058432
0.850000 0.383333 0.046155
0.850000 0.416667 0.033355
0.850000 0.450000 0.020171
0.850000 0.483333 0.006750
0.883333 0.016667 0.103588
0.883333 0.050000 0.102469
0.883333 0.083333 0.100240
0.883333 0.116667 0.096921
0.883333 0.150000 0.092546
0.883333 0.183333 0.087160
0.883333 0.216667 0.080819
0.883333 0.250000 0.073590
0.883333 0.283333 0.065551
0.883333 0.316667 0.056786
0.883333 0.350000 0.047388
0.883333 0.383333 0.037453
0.883333 0.416667 0.027085
0.883333 0.450000 0.016390
0.883333 0.483333 0.005486
0.916667 0.016667 0.076892
0.916667 0.050000 0.076073
0.916667 0.083333 0.074437
0.916667 0.116667 0.071994
0.916667 0.150000 0.068768
0.916667 0.183333 0.064792
0.916667 0.216667 0.060105
0.916667 0.250000 0.054759
0.916667 0.283333 0.048809
0.916667 0.316667 0.042317
0.916667 0.350000 0.035350
0.916667 0.383333 0.027978
0.916667 0.416667 0.020269
0.916667 0.450000 0.012291
0.916667 0.483333 0.004115
0.950000 0.016667 0.047951
0.950000 0.050000 0.047467
0.950000 0.083333 0.046477
0.950000 0.116667 0.044987
0.950000 0.150000 0.043007
0.950000 0.183333 0.040559
0.950000 0.216667 0.037666
0.950000 0.250000 0.034360
0.950000 0.283333 0.030675
0.950000 0.316667 0.026649
0.950000 0.350000 0.022322
0.950000 0.383333 0.017735
0.950000 0.416667 0.012925
0.950000 0.450000 0.007907
0.950000 0.483333 0.002637
0.983333 0.016667 0.016751
0.983333 0.050000 0.016649
0.983333 0.083333 0.016363
0.983333 0.116667 0.015900
0.983333 0.150000 0.015264
0.983333 0.183333 0.014461
0.983333 0.216667 0.013501
0.983333 0.250000 0.012392
0.983333 0.283333 0.011147
0.983333 0.316667 0.009778
0.983333 0.350000 0.008300
0.983333 0.383333 0.006726
0.983333 0.416667 0.005070
0.983333 0.450000 0.003340
0.983333 0.483333 0.001017
